                    0 ps xxxxxxxxxxxxxxxxxxxxxxxxxxxxxxxx x x x xxxxxxxxxxxxxxxxxxxxxxxxxxxxxxxx x x x
                    0 ps xxxxxxxxxxxxxxxxxxxxxxxxxxxxxxxx x x x 00000000000000000000000000000000 0 1 0
                    0 ps 00000000000000000000000000000000 0 0 0 00000000000000000000000000000000 0 1 0
                20000 ps 00000000000000000000000000000000 1 0 0 00000000000000000000000000000000 0 1 0
                40000 ps 00010001000000000000000000010001 0 1 0 00000000000000000000000000000000 0 1 0
                60000 ps 00010001000000000000000000010001 1 1 0 00000000000000000000000000000000 0 1 0
                60100 ps 00010001000000000000000000010001 1 1 0 00000000000000000000000000000000 0 0 0
                70000 ps 00100010000000000000000000100010 1 1 0 00000000000000000000000000000000 0 0 0
                80000 ps 00100010000000000000000000100010 0 1 0 00000000000000000000000000000000 0 0 0
               100000 ps 00100010000000000000000000100010 1 1 0 00000000000000000000000000000000 0 0 0
               100100 ps 00100010000000000000000000100010 1 1 0 00010001000000000000000000010001 0 0 0
               110000 ps 00110011000000000000000000110011 1 1 0 00010001000000000000000000010001 0 0 0
               120000 ps 00110011000000000000000000110011 0 1 0 00010001000000000000000000010001 0 0 0
               140000 ps 00110011000000000000000000110011 1 1 0 00010001000000000000000000010001 0 0 0
               150000 ps 01000100000000000000000001000100 1 1 0 00010001000000000000000000010001 0 0 0
               160000 ps 01000100000000000000000001000100 0 1 0 00010001000000000000000000010001 0 0 0
               180000 ps 01000100000000000000000001000100 1 1 0 00010001000000000000000000010001 0 0 0
               190000 ps 01010101000000000000000001010101 1 1 0 00010001000000000000000000010001 0 0 0
               200000 ps 01010101000000000000000001010101 0 1 0 00010001000000000000000000010001 0 0 0
               220000 ps 01010101000000000000000001010101 1 1 0 00010001000000000000000000010001 0 0 0
               230000 ps 01100110111111110000000001100110 1 1 0 00010001000000000000000000010001 0 0 0
               240000 ps 01100110111111110000000001100110 0 1 0 00010001000000000000000000010001 0 0 0
               260000 ps 01100110111111110000000001100110 1 1 0 00010001000000000000000000010001 0 0 0
               270000 ps 01110111111111111111111101110111 1 1 0 00010001000000000000000000010001 0 0 0
               280000 ps 01110111111111111111111101110111 0 1 0 00010001000000000000000000010001 0 0 0
               300000 ps 01110111111111111111111101110111 1 1 0 00010001000000000000000000010001 0 0 0
               310000 ps 10001000000000001111111110001000 1 1 0 00010001000000000000000000010001 0 0 0
               320000 ps 10001000000000001111111110001000 0 1 0 00010001000000000000000000010001 0 0 0
               340000 ps 10001000000000001111111110001000 1 1 0 00010001000000000000000000010001 0 0 0
               350000 ps 10011001000000000000000010011001 1 1 0 00010001000000000000000000010001 0 0 0
               360000 ps 10011001000000000000000010011001 0 1 0 00010001000000000000000000010001 0 0 0
               380000 ps 10011001000000000000000010011001 1 1 0 00010001000000000000000000010001 0 0 0
               390000 ps 10101010000000000000000010101010 1 1 0 00010001000000000000000000010001 0 0 0
               400000 ps 10101010000000000000000010101010 0 1 0 00010001000000000000000000010001 0 0 0
               420000 ps 10101010000000000000000010101010 1 1 0 00010001000000000000000000010001 0 0 0
               430000 ps 10111011000000000000000010111011 1 1 0 00010001000000000000000000010001 0 0 0
               440000 ps 10111011000000000000000010111011 0 1 0 00010001000000000000000000010001 0 0 0
               460000 ps 10111011000000000000000010111011 1 1 0 00010001000000000000000000010001 0 0 0
               470000 ps 11001100000000000000000011001100 1 1 0 00010001000000000000000000010001 0 0 0
               480000 ps 11001100000000000000000011001100 0 1 0 00010001000000000000000000010001 0 0 0
               500000 ps 11001100000000000000000011001100 1 1 0 00010001000000000000000000010001 0 0 0
               510000 ps 11011101000000000000000011011101 1 1 0 00010001000000000000000000010001 0 0 0
               520000 ps 11011101000000000000000011011101 0 1 0 00010001000000000000000000010001 0 0 0
               540000 ps 11011101000000000000000011011101 1 1 0 00010001000000000000000000010001 0 0 0
               550000 ps 11101110000000000000000011101110 1 1 0 00010001000000000000000000010001 0 0 0
               560000 ps 11101110000000000000000011101110 0 1 0 00010001000000000000000000010001 0 0 0
               580000 ps 11101110000000000000000011101110 1 1 0 00010001000000000000000000010001 0 0 0
               590000 ps 11111111000000000000000011111111 1 1 0 00010001000000000000000000010001 0 0 0
               600000 ps 11111111000000000000000011111111 0 1 0 00010001000000000000000000010001 0 0 0
               620000 ps 11111111000000000000000011111111 1 1 0 00010001000000000000000000010001 0 0 0
               620100 ps 11111111000000000000000011111111 1 1 0 00010001000000000000000000010001 0 0 1
               630000 ps 11111111111111111111111111111111 1 1 0 00010001000000000000000000010001 0 0 1
               640000 ps 11111111111111111111111111111111 0 1 0 00010001000000000000000000010001 0 0 1
               660000 ps 11111111111111111111111111111111 1 1 0 00010001000000000000000000010001 0 0 1
               660100 ps 11111111111111111111111111111111 1 1 0 00010001000000000000000000010001 1 0 1
               670000 ps 00000000000000000000000000000000 1 1 0 00010001000000000000000000010001 1 0 1
               680000 ps 00000000000000000000000000000000 0 1 0 00010001000000000000000000010001 1 0 1
               700000 ps 00000000000000000000000000000000 1 1 0 00010001000000000000000000010001 1 0 1
               710000 ps 00000000000000000000000000000000 1 0 1 00010001000000000000000000010001 1 0 1
               720000 ps 00000000000000000000000000000000 0 0 1 00010001000000000000000000010001 1 0 1
               740000 ps 00000000000000000000000000000000 1 0 1 00010001000000000000000000010001 1 0 1
               740100 ps 00000000000000000000000000000000 1 0 1 00010001000000000000000000010001 0 0 1
               760000 ps 00000000000000000000000000000000 0 0 1 00010001000000000000000000010001 0 0 1
               780000 ps 00000000000000000000000000000000 1 0 1 00010001000000000000000000010001 0 0 1
               780100 ps 00000000000000000000000000000000 1 0 1 00100010000000000000000000100010 0 0 0
               800000 ps 00000000000000000000000000000000 0 0 1 00100010000000000000000000100010 0 0 0
               820000 ps 00000000000000000000000000000000 1 0 1 00100010000000000000000000100010 0 0 0
               820100 ps 00000000000000000000000000000000 1 0 1 00110011000000000000000000110011 0 0 0
               840000 ps 00000000000000000000000000000000 0 0 1 00110011000000000000000000110011 0 0 0
               860000 ps 00000000000000000000000000000000 1 0 1 00110011000000000000000000110011 0 0 0
               860100 ps 00000000000000000000000000000000 1 0 1 01000100000000000000000001000100 0 0 0
               880000 ps 00000000000000000000000000000000 0 0 1 01000100000000000000000001000100 0 0 0
               900000 ps 00000000000000000000000000000000 1 0 1 01000100000000000000000001000100 0 0 0
               900100 ps 00000000000000000000000000000000 1 0 1 01010101000000000000000001010101 0 0 0
               920000 ps 00000000000000000000000000000000 0 0 1 01010101000000000000000001010101 0 0 0
               940000 ps 00000000000000000000000000000000 1 0 1 01010101000000000000000001010101 0 0 0
               940100 ps 00000000000000000000000000000000 1 0 1 01100110111111110000000001100110 0 0 0
               960000 ps 00000000000000000000000000000000 0 0 1 01100110111111110000000001100110 0 0 0
               980000 ps 00000000000000000000000000000000 1 0 1 01100110111111110000000001100110 0 0 0
               980100 ps 00000000000000000000000000000000 1 0 1 01110111111111111111111101110111 0 0 0
              1000000 ps 00000000000000000000000000000000 0 0 1 01110111111111111111111101110111 0 0 0
              1020000 ps 00000000000000000000000000000000 1 0 1 01110111111111111111111101110111 0 0 0
              1020100 ps 00000000000000000000000000000000 1 0 1 10001000000000001111111110001000 0 0 0
              1040000 ps 00000000000000000000000000000000 0 0 1 10001000000000001111111110001000 0 0 0
              1060000 ps 00000000000000000000000000000000 1 0 1 10001000000000001111111110001000 0 0 0
              1060100 ps 00000000000000000000000000000000 1 0 1 10011001000000000000000010011001 0 0 0
              1080000 ps 00000000000000000000000000000000 0 0 1 10011001000000000000000010011001 0 0 0
              1100000 ps 00000000000000000000000000000000 1 0 1 10011001000000000000000010011001 0 0 0
              1100100 ps 00000000000000000000000000000000 1 0 1 10101010000000000000000010101010 0 0 0
              1120000 ps 00000000000000000000000000000000 0 0 1 10101010000000000000000010101010 0 0 0
              1140000 ps 00000000000000000000000000000000 1 0 1 10101010000000000000000010101010 0 0 0
              1140100 ps 00000000000000000000000000000000 1 0 1 10111011000000000000000010111011 0 0 0
              1160000 ps 00000000000000000000000000000000 0 0 1 10111011000000000000000010111011 0 0 0
              1180000 ps 00000000000000000000000000000000 1 0 1 10111011000000000000000010111011 0 0 0
              1180100 ps 00000000000000000000000000000000 1 0 1 11001100000000000000000011001100 0 0 0
              1200000 ps 00000000000000000000000000000000 0 0 1 11001100000000000000000011001100 0 0 0
              1220000 ps 00000000000000000000000000000000 1 0 1 11001100000000000000000011001100 0 0 0
              1220100 ps 00000000000000000000000000000000 1 0 1 11011101000000000000000011011101 0 0 0
              1240000 ps 00000000000000000000000000000000 0 0 1 11011101000000000000000011011101 0 0 0
              1260000 ps 00000000000000000000000000000000 1 0 1 11011101000000000000000011011101 0 0 0
              1260100 ps 00000000000000000000000000000000 1 0 1 11101110000000000000000011101110 0 0 0
              1280000 ps 00000000000000000000000000000000 0 0 1 11101110000000000000000011101110 0 0 0
              1300000 ps 00000000000000000000000000000000 1 0 1 11101110000000000000000011101110 0 0 0
              1300100 ps 00000000000000000000000000000000 1 0 1 11111111000000000000000011111111 0 0 0
              1320000 ps 00000000000000000000000000000000 0 0 1 11111111000000000000000011111111 0 0 0
              1340000 ps 00000000000000000000000000000000 1 0 1 11111111000000000000000011111111 0 0 0
              1340100 ps 00000000000000000000000000000000 1 0 1 11111111111111111111111111111111 0 1 0
              1360000 ps 00000000000000000000000000000000 0 0 1 11111111111111111111111111111111 0 1 0
              1380000 ps 00000000000000000000000000000000 1 0 1 11111111111111111111111111111111 0 1 0
              1380100 ps 00000000000000000000000000000000 1 0 1 00010001000000000000000000010001 0 1 0
              1400000 ps 00000000000000000000000000000000 0 0 1 00010001000000000000000000010001 0 1 0
              1420000 ps 00000000000000000000000000000000 1 0 1 00010001000000000000000000010001 0 1 0
              1440000 ps 00000000000000000000000000000000 0 0 1 00010001000000000000000000010001 0 1 0
              1460000 ps 00000000000000000000000000000000 1 0 1 00010001000000000000000000010001 0 1 0
              1480000 ps 00000000000000000000000000000000 0 0 1 00010001000000000000000000010001 0 1 0
              1500000 ps 00000000000000000000000000000000 1 0 1 00010001000000000000000000010001 0 1 0
              1520000 ps 00000000000000000000000000000000 0 0 1 00010001000000000000000000010001 0 1 0
              1540000 ps 00000000000000000000000000000000 1 0 1 00010001000000000000000000010001 0 1 0
              1560000 ps 00000000000000000000000000000000 0 0 1 00010001000000000000000000010001 0 1 0
              1580000 ps 00000000000000000000000000000000 1 0 1 00010001000000000000000000010001 0 1 0
              1600000 ps 00000000000000000000000000000000 0 0 1 00010001000000000000000000010001 0 1 0
              1620000 ps 00000000000000000000000000000000 1 0 1 00010001000000000000000000010001 0 1 0
              1640000 ps 00000000000000000000000000000000 0 0 1 00010001000000000000000000010001 0 1 0
              1660000 ps 00000000000000000000000000000000 1 0 1 00010001000000000000000000010001 0 1 0
              1680000 ps 00000000000000000000000000000000 0 0 1 00010001000000000000000000010001 0 1 0
              1700000 ps 00000000000000000000000000000000 1 0 1 00010001000000000000000000010001 0 1 0
              1720000 ps 00000000000000000000000000000000 0 0 1 00010001000000000000000000010001 0 1 0
              1740000 ps 00000000000000000000000000000000 1 0 1 00010001000000000000000000010001 0 1 0
              1760000 ps 00000000000000000000000000000000 0 0 1 00010001000000000000000000010001 0 1 0
              1780000 ps 00000000000000000000000000000000 1 0 1 00010001000000000000000000010001 0 1 0
              1800000 ps 00000000000000000000000000000000 0 0 1 00010001000000000000000000010001 0 1 0
