           0 ps UUUUUUU UUUUUUU UUUUUUUU U U
           0 ps XXXXXXX XXXXXXX XXXXXXXX 0 0
        1589 ps UUUUUUU UUUUUUU UUUUUUUU 0 0
        2842 ps UUUUUUU UUUUUUU UUUU0UUU 0 0
        3027 ps UUUUUUU UUUUUUU 0UUU0UUU 0 0
        3203 ps UUUUUUU UUUUUUU 0U0U0UUU 0 0
        3244 ps UUUUUUU UUUUUUU 0U000UUU 0 0
        3335 ps 0UUUUUU UUUUUUU 0U000UUU 0 0
        3349 ps 0UUU0UU UUUUUUU 0U000UUU 0 0
        3423 ps 0UUU0UU UU0UUUU 0U000UUU 0 0
        3621 ps 0UUU00U UU0UUUU 0U000UUU 0 0
        3685 ps 0UUU00U UU0UUUU 0U000UU0 0 0
        3700 ps 0UUU00U U00UUUU 0U000UU0 0 0
        3723 ps 0UUU00U U00UUUU 0U0000U0 0 0
        3737 ps 0UUU00U U00UUUU 0U000000 0 0
        3777 ps 0UUU00U U00U0UU 0U000000 0 0
        3845 ps 0UUU00U U00U0U1 0U000000 0 0
        3862 ps 0UUU00U U00U001 0U000000 0 0
        3870 ps 0U0U00U U00U001 0U000000 0 0
        3890 ps 0U0U00U U00U001 00000000 0 0
        3934 ps 000U00U U00U001 00000000 0 0
        3961 ps 000U00U U000001 00000000 0 0
        4088 ps 000U00U 0000001 00000000 0 0
        4346 ps 000000U 0000001 00000000 0 0
        4436 ps 0000001 0000001 00000000 0 0
      100000 ps 0000001 0000001 00000000 0 1
      103685 ps 0000001 0000001 00000001 0 1
      103777 ps 0000001 0000101 00000001 0 1
      103862 ps 0000001 0000111 00000001 0 1
      103961 ps 0000001 0001111 00000001 0 1
      104088 ps 0000001 1001111 00000001 0 1
      200000 ps 0000001 1001111 00000001 1 1
      380293 ps 0000001 1000111 00000001 1 1
      380369 ps 0000001 0000111 00000001 1 1
      380530 ps 0000001 0000111 00000000 1 1
      380582 ps 0000001 0000111 00000010 1 1
      380622 ps 0000001 0000011 00000010 1 1
      380690 ps 0000001 0000010 00000010 1 1
      380785 ps 0000001 0010010 00000010 1 1
      505530 ps 0000001 0010010 00000011 1 1
      505622 ps 0000001 0010110 00000011 1 1
      505785 ps 0000001 0000110 00000011 1 1
      630184 ps 0000001 0000100 00000011 1 1
      630568 ps 0000001 0000100 00000111 1 1
      630582 ps 0000001 0000100 00000101 1 1
      630682 ps 0000001 0100100 00000101 1 1
      754687 ps 0000001 0100100 00001101 1 1
      755482 ps 0000001 0000100 00001101 1 1
      755530 ps 0000001 0000100 00001100 1 1
      755568 ps 0000001 0000100 00001000 1 1
      755622 ps 0000001 0000000 00001000 1 1
      880140 ps 0000001 0010000 00001000 1 1
      880530 ps 0000001 0010000 00001001 1 1
      880568 ps 0000001 0010000 00001101 1 1
      880707 ps 0000001 0010010 00001101 1 1
      880785 ps 0000001 0000010 00001101 1 1
      880933 ps 0000001 1000010 00001101 1 1
     1004687 ps 0000001 1000010 00000101 1 1
     1005084 ps 0000001 1000010 00010101 1 1
     1005156 ps 1000001 1000010 00010101 1 1
     1005168 ps 1000101 1000010 00010101 1 1
     1005185 ps 1000111 1000010 00010101 1 1
     1005242 ps 1000111 1000000 00010101 1 1
     1005259 ps 1000111 0000000 00010101 1 1
     1005407 ps 1000111 0000100 00010101 1 1
     1005482 ps 1000111 0100100 00010101 1 1
     1005575 ps 1001111 0100100 00010101 1 1
     1100000 ps 1001111 0100100 00010101 0 1
     1200000 ps 1001111 0100100 00010101 0 0
     1205445 ps 1001111 0100100 00000101 0 0
     1205517 ps 0001111 0100100 00000101 0 0
     1205529 ps 0001011 0100100 00000101 0 0
     1205546 ps 0001001 0100100 00000101 0 0
     1205558 ps 0001001 0101100 00000101 0 0
     1205575 ps 0001001 0101110 00000101 0 0
     1205595 ps 0001001 1101110 00000101 0 0
     1205936 ps 0000001 1001110 00000101 0 0
     1205947 ps 0000001 1001111 00000101 0 0
     1205959 ps 0000001 1001111 00000001 0 0
     1300000 ps 0000001 1001111 00000001 1 0
     1400000 ps 0000001 1001111 00000001 1 1
     1630293 ps 0000001 1000111 00000001 1 1
     1630369 ps 0000001 0000111 00000001 1 1
     1630530 ps 0000001 0000111 00000000 1 1
     1630582 ps 0000001 0000111 00000010 1 1
     1630622 ps 0000001 0000011 00000010 1 1
     1630690 ps 0000001 0000010 00000010 1 1
     1630785 ps 0000001 0010010 00000010 1 1
     1755530 ps 0000001 0010010 00000011 1 1
     1755622 ps 0000001 0010110 00000011 1 1
     1755785 ps 0000001 0000110 00000011 1 1
     1880184 ps 0000001 0000100 00000011 1 1
     1880568 ps 0000001 0000100 00000111 1 1
     1880582 ps 0000001 0000100 00000101 1 1
     1880682 ps 0000001 0100100 00000101 1 1
     2004687 ps 0000001 0100100 00001101 1 1
     2005482 ps 0000001 0000100 00001101 1 1
     2005530 ps 0000001 0000100 00001100 1 1
     2005568 ps 0000001 0000100 00001000 1 1
     2005622 ps 0000001 0000000 00001000 1 1
     2130140 ps 0000001 0010000 00001000 1 1
     2130530 ps 0000001 0010000 00001001 1 1
     2130568 ps 0000001 0010000 00001101 1 1
     2130707 ps 0000001 0010010 00001101 1 1
     2130785 ps 0000001 0000010 00001101 1 1
     2130933 ps 0000001 1000010 00001101 1 1
     2254687 ps 0000001 1000010 00000101 1 1
     2255084 ps 0000001 1000010 00010101 1 1
     2255156 ps 1000001 1000010 00010101 1 1
     2255168 ps 1000101 1000010 00010101 1 1
     2255185 ps 1000111 1000010 00010101 1 1
     2255242 ps 1000111 1000000 00010101 1 1
     2255259 ps 1000111 0000000 00010101 1 1
     2255407 ps 1000111 0000100 00010101 1 1
     2255482 ps 1000111 0100100 00010101 1 1
     2255575 ps 1001111 0100100 00010101 1 1
     2380043 ps 1001111 0100100 00110101 1 1
     2380084 ps 1001111 0100100 00100101 1 1
     2380156 ps 0001111 0100100 00100101 1 1
     2380168 ps 0001011 0100100 00100101 1 1
     2380184 ps 0001011 0100110 00100101 1 1
     2380530 ps 0001011 0100110 00100100 1 1
     2380545 ps 0001011 0000110 00100100 1 1
     2380568 ps 0001011 0000110 00100000 1 1
     2380571 ps 0000011 0000110 00100000 1 1
     2380582 ps 0000011 0000110 00100010 1 1
     2380622 ps 0000011 0000010 00100010 1 1
     2380785 ps 0000011 0010010 00100010 1 1
     2380824 ps 0000010 0010010 00100010 1 1
     2381169 ps 0010010 0010010 00100010 1 1
     2505084 ps 0010010 0010010 00110010 1 1
     2505140 ps 0010010 0000010 00110010 1 1
     2505168 ps 0010110 0000010 00110010 1 1
     2505184 ps 0010110 0000000 00110010 1 1
     2505530 ps 0010110 0000000 00110011 1 1
     2505568 ps 0010110 0000000 00110111 1 1
     2505622 ps 0010110 0000100 00110111 1 1
     2505806 ps 0010110 0001100 00110111 1 1
     2505809 ps 0010110 0001101 00110111 1 1
     2506169 ps 0000110 0001101 00110111 1 1
     2629687 ps 0000110 0001101 00111111 1 1
     2630043 ps 0000110 0001101 00011111 1 1
     2630167 ps 0000110 0000101 00011111 1 1
     2630222 ps 0000100 0000101 00011111 1 1
     2630499 ps 0000100 0000100 00011111 1 1
     2630568 ps 0000100 0000100 00011011 1 1
     2630571 ps 0001100 0000100 00011011 1 1
     2630582 ps 0001100 0000100 00011001 1 1
     2630730 ps 0001100 0000100 01011001 1 1
     2630824 ps 0001101 0000100 01011001 1 1
     2631186 ps 0000101 0000100 01011001 1 1
     2631273 ps 0100101 0000100 01011001 1 1
     2631276 ps 0100100 0000100 01011001 1 1
     2754687 ps 0100100 0000100 01010001 1 1
     2754867 ps 0100100 0000100 11010001 1 1
     2755175 ps 1100100 0000100 11010001 1 1
     2755210 ps 1100100 0001100 11010001 1 1
     2755242 ps 1100100 0001110 11010001 1 1
     2755259 ps 1100100 1001110 11010001 1 1
     2755499 ps 1100100 1001111 11010001 1 1
     2755530 ps 1100100 1001111 11010000 1 1
     2755567 ps 0100100 1001111 11010000 1 1
     2755622 ps 0100100 1001011 11010000 1 1
     2755707 ps 0100100 1001001 11010000 1 1
     2755730 ps 0100100 1001001 10010000 1 1
     2755774 ps 0000100 1001001 10010000 1 1
     2755806 ps 0000100 1000001 10010000 1 1
     2755933 ps 0000100 0000001 10010000 1 1
     2879687 ps 0000100 0000001 10011000 1 1
     2880043 ps 0000100 0000001 10111000 1 1
     2880084 ps 0000100 0000001 10101000 1 1
     2880168 ps 0000000 0000001 10101000 1 1
     2880499 ps 0000000 0000000 10101000 1 1
     2880530 ps 0000000 0000000 10101001 1 1
     2880575 ps 0001000 0000000 10101001 1 1
     2880622 ps 0001000 0000100 10101001 1 1
     2880710 ps 0011000 0000100 10101001 1 1
     2880730 ps 0011000 0000100 11101001 1 1
     2881186 ps 0010000 0000100 11101001 1 1
     2881273 ps 0110000 0000100 11101001 1 1
     3004867 ps 0110000 0000100 01101001 1 1
     3005084 ps 0110000 0000100 01111001 1 1
     3005573 ps 0110100 0000100 01111001 1 1
     3005575 ps 0111100 0000100 01111001 1 1
     3005668 ps 0101100 0000100 01111001 1 1
     3005774 ps 0001100 0000100 01111001 1 1
     3005823 ps 0001101 0000100 01111001 1 1
     3129687 ps 0001101 0000100 01110001 1 1
     3130084 ps 0001101 0000100 01100001 1 1
     3130168 ps 0001001 0000100 01100001 1 1
     3130242 ps 0001001 0000110 01100001 1 1
     3130530 ps 0001001 0000110 01100000 1 1
     3130575 ps 0000001 0000110 01100000 1 1
     3130582 ps 0000001 0000110 01100010 1 1
     3130622 ps 0000001 0000010 01100010 1 1
     3130651 ps 0100001 0000010 01100010 1 1
     3130785 ps 0100001 0010010 01100010 1 1
     3130823 ps 0100000 0010010 01100010 1 1
     3254687 ps 0100000 0010010 01101010 1 1
     3254867 ps 0100000 0010010 11101010 1 1
     3255043 ps 0100000 0010010 11001010 1 1
     3255084 ps 0100000 0010010 11011010 1 1
     3255168 ps 0100100 0010010 11011010 1 1
     3255180 ps 0100100 0000010 11011010 1 1
     3255210 ps 0100100 0001010 11011010 1 1
     3255242 ps 0100100 0001000 11011010 1 1
     3255473 ps 0100110 0001000 11011010 1 1
     3255530 ps 0100110 0001000 11011011 1 1
     3255567 ps 1100110 0001000 11011011 1 1
     3255573 ps 1100010 0001000 11011011 1 1
     3255668 ps 1110010 0001000 11011011 1 1
     3255701 ps 1110010 0101000 11011011 1 1
     3255774 ps 1010010 0101000 11011011 1 1
     3255806 ps 1010010 0100000 11011011 1 1
     3255933 ps 1010010 1100000 11011011 1 1
     3256169 ps 1000010 1100000 11011011 1 1
     3379501 ps 0000010 1100000 11011011 1 1
     3379867 ps 0000010 1100000 01011011 1 1
     3380043 ps 0000010 1100000 01111011 1 1
     3380184 ps 0000010 1100010 01111011 1 1
     3380189 ps 0000110 1100010 01111011 1 1
     3380568 ps 0000110 1100010 01111111 1 1
     3380571 ps 0001110 1100010 01111111 1 1
     3380582 ps 0001110 1100010 01111101 1 1
     3380682 ps 0001110 1000010 01111101 1 1
     3380730 ps 0001110 1000010 00111101 1 1
     3380824 ps 0001111 1000010 00111101 1 1
     3381186 ps 0000111 1000010 00111101 1 1
     3381276 ps 0000110 1000010 00111101 1 1
     3505043 ps 0000110 1000010 00011101 1 1
     3505184 ps 0000110 1000000 00011101 1 1
     3505204 ps 0000110 0000000 00011101 1 1
     3505530 ps 0000110 0000000 00011100 1 1
     3505566 ps 1000110 0000000 00011100 1 1
     3505568 ps 1000110 0000000 00011000 1 1
     3505571 ps 1001110 0000000 00011000 1 1
     3505824 ps 1001111 0000000 00011000 1 1
     3629687 ps 1001111 0000000 00010000 1 1
     3630175 ps 0001111 0000000 00010000 1 1
     3630210 ps 0001111 0001000 00010000 1 1
     3630222 ps 0001101 0001000 00010000 1 1
     3630259 ps 0001101 1001000 00010000 1 1
     3630464 ps 0001101 1001100 00010000 1 1
     3630530 ps 0001101 1001100 00010001 1 1
     3630568 ps 0001101 1001100 00010101 1 1
     3630701 ps 0001101 1101100 00010101 1 1
     3630730 ps 0001101 1101100 01010101 1 1
     3630806 ps 0001101 1100100 01010101 1 1
     3630933 ps 0001101 0100100 01010101 1 1
     3631186 ps 0000101 0100100 01010101 1 1
     3631273 ps 0100101 0100100 01010101 1 1
     3631276 ps 0100100 0100100 01010101 1 1
     3754687 ps 0100100 0100100 01011101 1 1
     3755043 ps 0100100 0100100 01111101 1 1
     3755084 ps 0100100 0100100 01101101 1 1
     3755156 ps 1100100 0100100 01101101 1 1
     3755242 ps 1100100 0100110 01101101 1 1
     3755259 ps 1100100 1100110 01101101 1 1
     3755407 ps 1100100 1100010 01101101 1 1
     3755482 ps 1100100 1000010 01101101 1 1
     3755566 ps 0100100 1000010 01101101 1 1
     3755575 ps 0100000 1000010 01101101 1 1
     3879687 ps 0100000 1000010 01100101 1 1
     3879867 ps 0100000 1000010 11100101 1 1
     3880043 ps 0100000 1000010 11000101 1 1
     3880369 ps 0100000 0000010 11000101 1 1
     3880530 ps 0100000 0000010 11000100 1 1
     3880568 ps 0100000 0000010 11000000 1 1
     3880582 ps 0100000 0000010 11000010 1 1
     3880668 ps 0110000 0000010 11000010 1 1
     3880785 ps 0110000 0010010 11000010 1 1
     3880824 ps 0110001 0010010 11000010 1 1
     4004687 ps 0110001 0010010 11001010 1 1
     4004867 ps 0110001 0010010 01001010 1 1
     4005043 ps 0110001 0010010 01101010 1 1
     4005184 ps 0110001 0010000 01101010 1 1
     4005473 ps 0110011 0010000 01101010 1 1
     4005530 ps 0110011 0010000 01101011 1 1
     4005545 ps 0110011 0110000 01101011 1 1
     4005568 ps 0110011 0110000 01101111 1 1
     4005730 ps 0110011 0110000 00101111 1 1
     4005777 ps 0110010 0110000 00101111 1 1
     4005806 ps 0110010 0111000 00101111 1 1
     4006273 ps 0010010 0111000 00101111 1 1
     4129687 ps 0010010 0111000 00100111 1 1
     4129867 ps 0010010 0111000 10100111 1 1
     4130084 ps 0010010 0111000 10110111 1 1
     4130140 ps 0010010 0101000 10110111 1 1
     4130168 ps 0010110 0101000 10110111 1 1
     4130222 ps 0010100 0101000 10110111 1 1
     4130242 ps 0010100 0101010 10110111 1 1
     4130369 ps 0010100 1101010 10110111 1 1
     4130407 ps 0010100 1101110 10110111 1 1
     4130482 ps 0010100 1001110 10110111 1 1
     4130568 ps 0010100 1001110 10110011 1 1
     4130573 ps 0010000 1001110 10110011 1 1
     4130582 ps 0010000 1001110 10110001 1 1
     4130690 ps 0010000 1001111 10110001 1 1
     4130730 ps 0010000 1001111 11110001 1 1
     4130774 ps 0110000 1001111 11110001 1 1
     4131186 ps 0111000 1001111 11110001 1 1
     4254867 ps 0111000 1001111 01110001 1 1
     4255084 ps 0111000 1001111 01100001 1 1
     4255473 ps 0111010 1001111 01100001 1 1
     4255530 ps 0111010 1001111 01100000 1 1
     4255575 ps 0110010 1001111 01100000 1 1
     4255622 ps 0110010 1001011 01100000 1 1
     4255668 ps 0100010 1001011 01100000 1 1
     4255707 ps 0100010 1001001 01100000 1 1
     4255730 ps 0100010 1001001 00100000 1 1
     4255806 ps 0100010 1000001 00100000 1 1
     4255933 ps 0100010 0000001 00100000 1 1
     4256169 ps 0110010 0000001 00100000 1 1
     4256273 ps 0010010 0000001 00100000 1 1
     4380043 ps 0010010 0000001 00000000 1 1
     4380084 ps 0010010 0000001 00010000 1 1
     4380168 ps 0010110 0000001 00010000 1 1
     4380530 ps 0010110 0000001 00010001 1 1
     4380566 ps 1010110 0000001 00010001 1 1
     4380575 ps 1011110 0000001 00010001 1 1
     4380622 ps 1011110 0000101 00010001 1 1
     4380707 ps 1011110 0000111 00010001 1 1
     4380710 ps 1001110 0000111 00010001 1 1
     4380806 ps 1001110 0001111 00010001 1 1
     4380824 ps 1001111 0001111 00010001 1 1
     4380933 ps 1001111 1001111 00010001 1 1
     4505043 ps 1001111 1001111 00110001 1 1
     4505566 ps 0001111 1001111 00110001 1 1
     4505571 ps 0000111 1001111 00110001 1 1
     4505824 ps 0000110 1001111 00110001 1 1
     4630043 ps 0000110 1001111 00010001 1 1
     4630084 ps 0000110 1001111 00000001 1 1
     4630168 ps 0000010 1001111 00000001 1 1
     4630222 ps 0000000 1001111 00000001 1 1
     4630293 ps 0000000 1000111 00000001 1 1
     4630369 ps 0000000 0000111 00000001 1 1
     4630530 ps 0000000 0000111 00000000 1 1
     4630566 ps 1000000 0000111 00000000 1 1
     4630575 ps 1000100 0000111 00000000 1 1
     4630582 ps 1000100 0000111 00000010 1 1
     4630622 ps 1000100 0000011 00000010 1 1
     4630690 ps 1000100 0000010 00000010 1 1
     4630730 ps 1000100 0000010 01000010 1 1
     4630785 ps 1000100 0010010 01000010 1 1
     4630824 ps 1000101 0010010 01000010 1 1
     4631186 ps 1001101 0010010 01000010 1 1
     4631276 ps 1001100 0010010 01000010 1 1
     4755043 ps 1001100 0010010 01100010 1 1
     4755084 ps 1001100 0010010 01110010 1 1
     4755156 ps 0001100 0010010 01110010 1 1
     4755530 ps 0001100 0010010 01110011 1 1
     4755622 ps 0001100 0010110 01110011 1 1
     4755785 ps 0001100 0000110 01110011 1 1
     4755824 ps 0001101 0000110 01110011 1 1
     4879867 ps 0001101 0000110 11110011 1 1
     4880184 ps 0001101 0000100 11110011 1 1
     4880567 ps 1001101 0000100 11110011 1 1
     4880568 ps 1001101 0000100 11110111 1 1
     4880573 ps 1001001 0000100 11110111 1 1
     4880582 ps 1001001 0000100 11110101 1 1
     4880682 ps 1001001 0100100 11110101 1 1
     4880730 ps 1001001 0100100 10110101 1 1
     4880774 ps 1101001 0100100 10110101 1 1
     4880777 ps 1101000 0100100 10110101 1 1
     4881186 ps 1100000 0100100 10110101 1 1
     5004687 ps 1100000 0100100 10111101 1 1
     5004867 ps 1100000 0100100 00111101 1 1
     5005084 ps 1100000 0100100 00101101 1 1
     5005156 ps 0100000 0100100 00101101 1 1
     5005473 ps 0100010 0100100 00101101 1 1
     5005482 ps 0100010 0000100 00101101 1 1
     5005530 ps 0100010 0000100 00101100 1 1
     5005568 ps 0100010 0000100 00101000 1 1
     5005622 ps 0100010 0000000 00101000 1 1
     5005651 ps 0000010 0000000 00101000 1 1
     5006169 ps 0010010 0000000 00101000 1 1
     5129867 ps 0010010 0000000 10101000 1 1
     5130043 ps 0010010 0000000 10001000 1 1
     5130084 ps 0010010 0000000 10011000 1 1
     5130140 ps 0010010 0010000 10011000 1 1
     5130168 ps 0010110 0010000 10011000 1 1
     5130530 ps 0010110 0010000 10011001 1 1
     5130567 ps 1010110 0010000 10011001 1 1
     5130568 ps 1010110 0010000 10011101 1 1
     5130573 ps 1010010 0010000 10011101 1 1
     5130707 ps 1010010 0010010 10011101 1 1
     5130730 ps 1010010 0010010 11011101 1 1
     5130785 ps 1010010 0000010 11011101 1 1
     5130933 ps 1010010 1000010 11011101 1 1
     5131169 ps 1000010 1000010 11011101 1 1
     5254687 ps 1000010 1000010 11010101 1 1
     5254867 ps 1000010 1000010 01010101 1 1
     5255084 ps 1000010 1000010 01000101 1 1
     5255156 ps 0000010 1000010 01000101 1 1
     5255185 ps 0000000 1000010 01000101 1 1
     5255242 ps 0000000 1000000 01000101 1 1
     5255259 ps 0000000 0000000 01000101 1 1
     5255407 ps 0000000 0000100 01000101 1 1
     5255482 ps 0000000 0100100 01000101 1 1
     5255696 ps 0001000 0100100 01000101 1 1
     5255730 ps 0001000 0100100 00000101 1 1
     5256186 ps 0000000 0100100 00000101 1 1
     5256276 ps 0000001 0100100 00000101 1 1
     5379867 ps 0000001 0100100 10000101 1 1
     5380043 ps 0000001 0100100 10100101 1 1
     5380175 ps 1000001 0100100 10100101 1 1
     5380184 ps 1000001 0100110 10100101 1 1
     5380189 ps 1000101 0100110 10100101 1 1
     5380530 ps 1000101 0100110 10100100 1 1
     5380545 ps 1000101 0000110 10100100 1 1
     5380566 ps 0000101 0000110 10100100 1 1
     5380568 ps 0000101 0000110 10100000 1 1
     5380573 ps 0000001 0000110 10100000 1 1
     5380582 ps 0000001 0000110 10100010 1 1
     5380622 ps 0000001 0000010 10100010 1 1
     5380696 ps 0001001 0000010 10100010 1 1
     5380708 ps 0011001 0000010 10100010 1 1
     5380730 ps 0011001 0000010 11100010 1 1
     5380777 ps 0011000 0000010 11100010 1 1
     5380785 ps 0011000 0010010 11100010 1 1
     5381186 ps 0010000 0010010 11100010 1 1
     5381273 ps 0110000 0010010 11100010 1 1
     5505140 ps 0110000 0000010 11100010 1 1
     5505184 ps 0110000 0000000 11100010 1 1
     5505530 ps 0110000 0000000 11100011 1 1
     5505568 ps 0110000 0000000 11100111 1 1
     5505622 ps 0110000 0000100 11100111 1 1
     5505806 ps 0110000 0001100 11100111 1 1
     5505809 ps 0110000 0001101 11100111 1 1
     5629687 ps 0110000 0001101 11101111 1 1
     5630043 ps 0110000 0001101 11001111 1 1
     5630167 ps 0110000 0000101 11001111 1 1
     5630499 ps 0110000 0000100 11001111 1 1
     5630568 ps 0110000 0000100 11001011 1 1
     5630582 ps 0110000 0000100 11001001 1 1
     5630824 ps 0110001 0000100 11001001 1 1
     5754687 ps 0110001 0000100 11000001 1 1
     5755043 ps 0110001 0000100 11100001 1 1
     5755084 ps 0110001 0000100 11110001 1 1
     5755189 ps 0110101 0000100 11110001 1 1
     5755210 ps 0110101 0001100 11110001 1 1
     5755242 ps 0110101 0001110 11110001 1 1
     5755259 ps 0110101 1001110 11110001 1 1
     5755499 ps 0110101 1001111 11110001 1 1
     5755530 ps 0110101 1001111 11110000 1 1
     5755566 ps 1110101 1001111 11110000 1 1
     5755575 ps 1111001 1001111 11110000 1 1
     5755622 ps 1111001 1001011 11110000 1 1
     5755707 ps 1111001 1001001 11110000 1 1
     5755708 ps 1101001 1001001 11110000 1 1
     5755730 ps 1101001 1001001 10110000 1 1
     5755806 ps 1101001 1000001 10110000 1 1
     5755823 ps 1101000 1000001 10110000 1 1
     5755933 ps 1101000 0000001 10110000 1 1
     5756186 ps 1100000 0000001 10110000 1 1
     5879687 ps 1100000 0000001 10111000 1 1
     5879867 ps 1100000 0000001 00111000 1 1
     5880175 ps 0100000 0000001 00111000 1 1
     5880499 ps 0100000 0000000 00111000 1 1
     5880530 ps 0100000 0000000 00111001 1 1
     5880573 ps 0100100 0000000 00111001 1 1
     5880622 ps 0100100 0000100 00111001 1 1
     5880730 ps 0100100 0000100 01111001 1 1
     5880774 ps 0000100 0000100 01111001 1 1
     5881186 ps 0001100 0000100 01111001 1 1
     5881276 ps 0001101 0000100 01111001 1 1
     6005084 ps 0001101 0000100 01101001 1 1
     6005168 ps 0001001 0000100 01101001 1 1
     6005222 ps 0001011 0000100 01101001 1 1
     6005575 ps 0000011 0000100 01101001 1 1
     6005651 ps 0100011 0000100 01101001 1 1
     6005730 ps 0100011 0000100 00101001 1 1
     6005823 ps 0100010 0000100 00101001 1 1
     6006169 ps 0110010 0000100 00101001 1 1
     6006273 ps 0010010 0000100 00101001 1 1
     6129687 ps 0010010 0000100 00100001 1 1
     6129867 ps 0010010 0000100 10100001 1 1
     6130242 ps 0010010 0000110 10100001 1 1
     6130473 ps 0010000 0000110 10100001 1 1
     6130530 ps 0010000 0000110 10100000 1 1
     6130582 ps 0010000 0000110 10100010 1 1
     6130622 ps 0010000 0000010 10100010 1 1
     6130668 ps 0000000 0000010 10100010 1 1
     6130696 ps 0001000 0000010 10100010 1 1
     6130785 ps 0001000 0010010 10100010 1 1
     6254687 ps 0001000 0010010 10101010 1 1
     6255043 ps 0001000 0010010 10001010 1 1
     6255180 ps 0001000 0000010 10001010 1 1
     6255210 ps 0001000 0001010 10001010 1 1
     6255242 ps 0001000 0001000 10001010 1 1
     6255530 ps 0001000 0001000 10001011 1 1
     6255571 ps 0000000 0001000 10001011 1 1
     6255701 ps 0000000 0101000 10001011 1 1
     6255708 ps 0010000 0101000 10001011 1 1
     6255730 ps 0010000 0101000 11001011 1 1
     6255806 ps 0010000 0100000 11001011 1 1
     6255933 ps 0010000 1100000 11001011 1 1
     6256273 ps 0110000 1100000 11001011 1 1
     6256276 ps 0110001 1100000 11001011 1 1
     6379867 ps 0110001 1100000 01001011 1 1
     6380043 ps 0110001 1100000 01101011 1 1
     6380184 ps 0110001 1100010 01101011 1 1
     6380568 ps 0110001 1100010 01101111 1 1
     6380582 ps 0110001 1100010 01101101 1 1
     6380668 ps 0100001 1100010 01101101 1 1
     6380682 ps 0100001 1000010 01101101 1 1
     6380777 ps 0100000 1000010 01101101 1 1
     6505084 ps 0100000 1000010 01111101 1 1
     6505168 ps 0100100 1000010 01111101 1 1
     6505184 ps 0100100 1000000 01111101 1 1
     6505204 ps 0100100 0000000 01111101 1 1
     6505222 ps 0100110 0000000 01111101 1 1
     6505530 ps 0100110 0000000 01111100 1 1
     6505568 ps 0100110 0000000 01111000 1 1
     6505575 ps 0101110 0000000 01111000 1 1
     6505651 ps 0001110 0000000 01111000 1 1
     6505708 ps 0011110 0000000 01111000 1 1
     6505730 ps 0011110 0000000 00111000 1 1
     6505823 ps 0011111 0000000 00111000 1 1
     6506169 ps 0001111 0000000 00111000 1 1
     6506186 ps 0000111 0000000 00111000 1 1
     6506276 ps 0000110 0000000 00111000 1 1
     6629687 ps 0000110 0000000 00110000 1 1
     6629867 ps 0000110 0000000 10110000 1 1
     6630084 ps 0000110 0000000 10100000 1 1
     6630168 ps 0000010 0000000 10100000 1 1
     6630210 ps 0000010 0001000 10100000 1 1
     6630259 ps 0000010 1001000 10100000 1 1
     6630464 ps 0000010 1001100 10100000 1 1
     6630473 ps 0000000 1001100 10100000 1 1
     6630530 ps 0000000 1001100 10100001 1 1
     6630568 ps 0000000 1001100 10100101 1 1
     6630696 ps 0001000 1001100 10100101 1 1
     6630701 ps 0001000 1101100 10100101 1 1
     6630806 ps 0001000 1100100 10100101 1 1
     6630933 ps 0001000 0100100 10100101 1 1
     6754687 ps 0001000 0100100 10101101 1 1
     6755043 ps 0001000 0100100 10001101 1 1
     6755084 ps 0001000 0100100 10011101 1 1
     6755242 ps 0001000 0100110 10011101 1 1
     6755259 ps 0001000 1100110 10011101 1 1
     6755407 ps 0001000 1100010 10011101 1 1
     6755461 ps 0001010 1100010 10011101 1 1
     6755482 ps 0001010 1000010 10011101 1 1
     6755566 ps 1001010 1000010 10011101 1 1
     6755571 ps 1000010 1000010 10011101 1 1
     6755708 ps 1010010 1000010 10011101 1 1
     6755730 ps 1010010 1000010 11011101 1 1
     6756169 ps 1000010 1000010 11011101 1 1
     6879687 ps 1000010 1000010 11010101 1 1
     6880084 ps 1000010 1000010 11000101 1 1
     6880156 ps 0000010 1000010 11000101 1 1
     6880185 ps 0000000 1000010 11000101 1 1
     6880369 ps 0000000 0000010 11000101 1 1
     6880530 ps 0000000 0000010 11000100 1 1
     6880568 ps 0000000 0000010 11000000 1 1
     6880582 ps 0000000 0000010 11000010 1 1
     6880651 ps 0100000 0000010 11000010 1 1
     6880730 ps 0100000 0000010 10000010 1 1
     6880785 ps 0100000 0010010 10000010 1 1
     6880823 ps 0100001 0010010 10000010 1 1
     6881273 ps 0000001 0010010 10000010 1 1
     6881276 ps 0000000 0010010 10000010 1 1
     7004687 ps 0000000 0010010 10001010 1 1
     7004867 ps 0000000 0010010 00001010 1 1
     7005084 ps 0000000 0010010 00011010 1 1
     7005175 ps 1000000 0010010 00011010 1 1
     7005184 ps 1000000 0010000 00011010 1 1
     7005530 ps 1000000 0010000 00011011 1 1
     7005545 ps 1000000 0110000 00011011 1 1
     7005567 ps 0000000 0110000 00011011 1 1
     7005568 ps 0000000 0110000 00011111 1 1
     7005573 ps 0000100 0110000 00011111 1 1
     7005696 ps 0001100 0110000 00011111 1 1
     7005730 ps 0001100 0110000 01011111 1 1
     7005777 ps 0001101 0110000 01011111 1 1
     7005806 ps 0001101 0111000 01011111 1 1
     7006186 ps 0000101 0111000 01011111 1 1
     7006273 ps 0100101 0111000 01011111 1 1
     7006276 ps 0100100 0111000 01011111 1 1
     7129687 ps 0100100 0111000 01010111 1 1
     7129867 ps 0100100 0111000 11010111 1 1
     7130043 ps 0100100 0111000 11110111 1 1
     7130084 ps 0100100 0111000 11100111 1 1
     7130140 ps 0100100 0101000 11100111 1 1
     7130156 ps 1100100 0101000 11100111 1 1
     7130242 ps 1100100 0101010 11100111 1 1
     7130369 ps 1100100 1101010 11100111 1 1
     7130407 ps 1100100 1101110 11100111 1 1
     7130482 ps 1100100 1001110 11100111 1 1
     7130566 ps 0100100 1001110 11100111 1 1
     7130568 ps 0100100 1001110 11100011 1 1
     7130573 ps 0100000 1001110 11100011 1 1
     7130582 ps 0100000 1001110 11100001 1 1
     7130690 ps 0100000 1001111 11100001 1 1
     7130710 ps 0110000 1001111 11100001 1 1
     7254867 ps 0110000 1001111 01100001 1 1
     7255043 ps 0110000 1001111 01000001 1 1
     7255530 ps 0110000 1001111 01000000 1 1
     7255567 ps 1110000 1001111 01000000 1 1
     7255575 ps 1110100 1001111 01000000 1 1
     7255622 ps 1110100 1001011 01000000 1 1
     7255668 ps 1100100 1001011 01000000 1 1
     7255696 ps 1101100 1001011 01000000 1 1
     7255707 ps 1101100 1001001 01000000 1 1
     7255774 ps 1001100 1001001 01000000 1 1
     7255806 ps 1001100 1000001 01000000 1 1
     7255933 ps 1001100 0000001 01000000 1 1
     7380043 ps 1001100 0000001 01100000 1 1
     7380175 ps 0001100 0000001 01100000 1 1
     7380189 ps 0001000 0000001 01100000 1 1
     7380461 ps 0001010 0000001 01100000 1 1
     7380530 ps 0001010 0000001 01100001 1 1
     7380571 ps 0000010 0000001 01100001 1 1
     7380622 ps 0000010 0000101 01100001 1 1
     7380655 ps 0100010 0000101 01100001 1 1
     7380707 ps 0100010 0000111 01100001 1 1
     7380710 ps 0110010 0000111 01100001 1 1
     7380730 ps 0110010 0000111 00100001 1 1
     7380806 ps 0110010 0001111 00100001 1 1
     7380933 ps 0110010 1001111 00100001 1 1
     7381273 ps 0010010 1001111 00100001 1 1
     7505222 ps 0010000 1001111 00100001 1 1
     7505708 ps 0000000 1001111 00100001 1 1
     7505730 ps 0000000 1001111 01100001 1 1
     7506273 ps 0100000 1001111 01100001 1 1
     7629867 ps 0100000 1001111 11100001 1 1
     7630043 ps 0100000 1001111 11000001 1 1
     7630293 ps 0100000 1000111 11000001 1 1
     7630369 ps 0100000 0000111 11000001 1 1
     7630530 ps 0100000 0000111 11000000 1 1
     7630582 ps 0100000 0000111 11000010 1 1
     7630622 ps 0100000 0000011 11000010 1 1
     7630690 ps 0100000 0000010 11000010 1 1
     7630730 ps 0100000 0000010 10000010 1 1
     7630785 ps 0100000 0010010 10000010 1 1
     7630824 ps 0100001 0010010 10000010 1 1
     7631273 ps 0000001 0010010 10000010 1 1
     7631276 ps 0000000 0010010 10000010 1 1
     7755043 ps 0000000 0010010 10100010 1 1
     7755530 ps 0000000 0010010 10100011 1 1
     7755571 ps 0001000 0010010 10100011 1 1
     7755622 ps 0001000 0010110 10100011 1 1
     7755708 ps 0011000 0010110 10100011 1 1
     7755730 ps 0011000 0010110 11100011 1 1
     7755785 ps 0011000 0000110 11100011 1 1
     7756186 ps 0010000 0000110 11100011 1 1
     7756273 ps 0110000 0000110 11100011 1 1
     7879867 ps 0110000 0000110 01100011 1 1
     7880184 ps 0110000 0000100 01100011 1 1
     7880568 ps 0110000 0000100 01100111 1 1
     7880582 ps 0110000 0000100 01100101 1 1
     7880668 ps 0100000 0000100 01100101 1 1
     7880682 ps 0100000 0100100 01100101 1 1
     8004687 ps 0100000 0100100 01101101 1 1
     8005043 ps 0100000 0100100 01001101 1 1
     8005482 ps 0100000 0000100 01001101 1 1
     8005530 ps 0100000 0000100 01001100 1 1
     8005566 ps 1100000 0000100 01001100 1 1
     8005568 ps 1100000 0000100 01001000 1 1
     8005571 ps 1101000 0000100 01001000 1 1
     8005575 ps 1101100 0000100 01001000 1 1
     8005622 ps 1101100 0000000 01001000 1 1
     8005655 ps 1001100 0000000 01001000 1 1
     8129867 ps 1001100 0000000 11001000 1 1
     8130043 ps 1001100 0000000 11101000 1 1
     8130140 ps 1001100 0010000 11101000 1 1
     8130175 ps 0001100 0010000 11101000 1 1
     8130189 ps 0001000 0010000 11101000 1 1
     8130530 ps 0001000 0010000 11101001 1 1
     8130568 ps 0001000 0010000 11101101 1 1
     8130571 ps 0000000 0010000 11101101 1 1
     8130655 ps 0100000 0010000 11101101 1 1
     8130707 ps 0100000 0010010 11101101 1 1
     8130730 ps 0100000 0010010 10101101 1 1
     8130785 ps 0100000 0000010 10101101 1 1
     8130933 ps 0100000 1000010 10101101 1 1
     8131186 ps 0101000 1000010 10101101 1 1
     8131273 ps 0001000 1000010 10101101 1 1
     8254687 ps 0001000 1000010 10100101 1 1
     8255084 ps 0001000 1000010 10110101 1 1
     8255242 ps 0001000 1000000 10110101 1 1
     8255259 ps 0001000 0000000 10110101 1 1
     8255407 ps 0001000 0000100 10110101 1 1
     8255482 ps 0001000 0100100 10110101 1 1
     8255575 ps 0000000 0100100 10110101 1 1
     8255651 ps 0100000 0100100 10110101 1 1
     8255708 ps 0110000 0100100 10110101 1 1
     8255730 ps 0110000 0100100 11110101 1 1
     8256186 ps 0111000 0100100 11110101 1 1
     8380084 ps 0111000 0100100 11100101 1 1
     8380184 ps 0111000 0100110 11100101 1 1
     8380530 ps 0111000 0100110 11100100 1 1
     8380545 ps 0111000 0000110 11100100 1 1
     8380568 ps 0111000 0000110 11100000 1 1
     8380575 ps 0110000 0000110 11100000 1 1
     8380582 ps 0110000 0000110 11100010 1 1
     8380622 ps 0110000 0000010 11100010 1 1
     8380708 ps 0100000 0000010 11100010 1 1
     8380730 ps 0100000 0000010 10100010 1 1
     8380785 ps 0100000 0010010 10100010 1 1
     8381186 ps 0101000 0010010 10100010 1 1
     8381273 ps 0001000 0010010 10100010 1 1
     8505043 ps 0001000 0010010 10000010 1 1
     8505084 ps 0001000 0010010 10010010 1 1
     8505140 ps 0001000 0000010 10010010 1 1
     8505156 ps 1001000 0000010 10010010 1 1
     8505184 ps 1001000 0000000 10010010 1 1
     8505530 ps 1001000 0000000 10010011 1 1
     8505566 ps 0001000 0000000 10010011 1 1
     8505568 ps 0001000 0000000 10010111 1 1
     8505571 ps 0000000 0000000 10010111 1 1
     8505575 ps 0000100 0000000 10010111 1 1
     8505622 ps 0000100 0000100 10010111 1 1
     8505806 ps 0000100 0001100 10010111 1 1
     8505809 ps 0000100 0001101 10010111 1 1
     8629687 ps 0000100 0001101 10011111 1 1
     8629867 ps 0000100 0001101 00011111 1 1
     8630043 ps 0000100 0001101 00111111 1 1
     8630167 ps 0000100 0000101 00111111 1 1
     8630473 ps 0000110 0000101 00111111 1 1
     8630499 ps 0000110 0000100 00111111 1 1
     8630568 ps 0000110 0000100 00111011 1 1
     8630582 ps 0000110 0000100 00111001 1 1
     8754687 ps 0000110 0000100 00110001 1 1
     8754867 ps 0000110 0000100 10110001 1 1
     8755043 ps 0000110 0000100 10010001 1 1
     8755210 ps 0000110 0001100 10010001 1 1
     8755242 ps 0000110 0001110 10010001 1 1
     8755259 ps 0000110 1001110 10010001 1 1
     8755499 ps 0000110 1001111 10010001 1 1
     8755530 ps 0000110 1001111 10010000 1 1
     8755567 ps 1000110 1001111 10010000 1 1
     8755573 ps 1000010 1001111 10010000 1 1
     8755622 ps 1000010 1001011 10010000 1 1
     8755707 ps 1000010 1001001 10010000 1 1
     8755730 ps 1000010 1001001 11010000 1 1
     8755806 ps 1000010 1000001 11010000 1 1
     8755933 ps 1000010 0000001 11010000 1 1
     8879687 ps 1000010 0000001 11011000 1 1
     8879867 ps 1000010 0000001 01011000 1 1
     8880084 ps 1000010 0000001 01001000 1 1
     8880156 ps 0000010 0000001 01001000 1 1
     8880185 ps 0000000 0000001 01001000 1 1
     8880499 ps 0000000 0000000 01001000 1 1
     8880530 ps 0000000 0000000 01001001 1 1
     8880622 ps 0000000 0000100 01001001 1 1
     8880696 ps 0001000 0000100 01001001 1 1
     8880730 ps 0001000 0000100 00001001 1 1
     8881186 ps 0000000 0000100 00001001 1 1
     8881276 ps 0000001 0000100 00001001 1 1
     9004867 ps 0000001 0000100 10001001 1 1
     9005084 ps 0000001 0000100 10011001 1 1
     9005168 ps 0000101 0000100 10011001 1 1
     9005473 ps 0000111 0000100 10011001 1 1
     9005567 ps 1000111 0000100 10011001 1 1
     9005573 ps 1000011 0000100 10011001 1 1
     9005708 ps 1010011 0000100 10011001 1 1
     9005730 ps 1010011 0000100 11011001 1 1
     9005777 ps 1010010 0000100 11011001 1 1
     9006169 ps 1000010 0000100 11011001 1 1
     9129687 ps 1000010 0000100 11010001 1 1
     9130043 ps 1000010 0000100 11110001 1 1
     9130084 ps 1000010 0000100 11100001 1 1
     9130156 ps 0000010 0000100 11100001 1 1
     9130185 ps 0000000 0000100 11100001 1 1
     9130242 ps 0000000 0000110 11100001 1 1
     9130530 ps 0000000 0000110 11100000 1 1
     9130582 ps 0000000 0000110 11100010 1 1
     9130622 ps 0000000 0000010 11100010 1 1
     9130651 ps 0100000 0000010 11100010 1 1
     9130710 ps 0110000 0000010 11100010 1 1
     9130785 ps 0110000 0010010 11100010 1 1
     9254687 ps 0110000 0010010 11101010 1 1
     9255084 ps 0110000 0010010 11111010 1 1
     9255175 ps 1110000 0010010 11111010 1 1
     9255180 ps 1110000 0000010 11111010 1 1
     9255210 ps 1110000 0001010 11111010 1 1
     9255242 ps 1110000 0001000 11111010 1 1
     9255530 ps 1110000 0001000 11111011 1 1
     9255575 ps 1111000 0001000 11111011 1 1
     9255701 ps 1111000 0101000 11111011 1 1
     9255708 ps 1101000 0101000 11111011 1 1
     9255730 ps 1101000 0101000 10111011 1 1
     9255806 ps 1101000 0100000 10111011 1 1
     9255933 ps 1101000 1100000 10111011 1 1
     9256186 ps 1100000 1100000 10111011 1 1
     9380043 ps 1100000 1100000 10011011 1 1
     9380184 ps 1100000 1100010 10011011 1 1
     9380566 ps 0100000 1100010 10011011 1 1
     9380568 ps 0100000 1100010 10011111 1 1
     9380575 ps 0100100 1100010 10011111 1 1
     9380582 ps 0100100 1100010 10011101 1 1
     9380655 ps 0000100 1100010 10011101 1 1
     9380682 ps 0000100 1000010 10011101 1 1
     9504867 ps 0000100 1000010 00011101 1 1
     9505175 ps 1000100 1000010 00011101 1 1
     9505184 ps 1000100 1000000 00011101 1 1
     9505189 ps 1000000 1000000 00011101 1 1
     9505204 ps 1000000 0000000 00011101 1 1
     9505530 ps 1000000 0000000 00011100 1 1
     9505567 ps 0000000 0000000 00011100 1 1
     9505568 ps 0000000 0000000 00011000 1 1
     9505573 ps 0000100 0000000 00011000 1 1
     9505696 ps 0001100 0000000 00011000 1 1
     9505730 ps 0001100 0000000 01011000 1 1
     9505777 ps 0001101 0000000 01011000 1 1
     9506186 ps 0000101 0000000 01011000 1 1
     9506273 ps 0100101 0000000 01011000 1 1
     9506276 ps 0100100 0000000 01011000 1 1
     9629687 ps 0100100 0000000 01010000 1 1
     9629867 ps 0100100 0000000 11010000 1 1
     9630043 ps 0100100 0000000 11110000 1 1
     9630210 ps 0100100 0001000 11110000 1 1
     9630259 ps 0100100 1001000 11110000 1 1
     9630464 ps 0100100 1001100 11110000 1 1
     9630530 ps 0100100 1001100 11110001 1 1
     9630568 ps 0100100 1001100 11110101 1 1
     9630571 ps 0101100 1001100 11110101 1 1
     9630573 ps 0101000 1001100 11110101 1 1
     9630701 ps 0101000 1101100 11110101 1 1
     9630710 ps 0111000 1101100 11110101 1 1
     9630806 ps 0111000 1100100 11110101 1 1
     9630933 ps 0111000 0100100 11110101 1 1
     9754687 ps 0111000 0100100 11111101 1 1
     9754867 ps 0111000 0100100 01111101 1 1
     9755043 ps 0111000 0100100 01011101 1 1
     9755084 ps 0111000 0100100 01001101 1 1
     9755242 ps 0111000 0100110 01001101 1 1
     9755259 ps 0111000 1100110 01001101 1 1
     9755407 ps 0111000 1100010 01001101 1 1
     9755482 ps 0111000 1000010 01001101 1 1
     9755567 ps 1111000 1000010 01001101 1 1
     9755575 ps 1111100 1000010 01001101 1 1
     9755668 ps 1101100 1000010 01001101 1 1
     9755774 ps 1001100 1000010 01001101 1 1
     9879687 ps 1001100 1000010 01000101 1 1
     9880369 ps 1001100 0000010 01000101 1 1
     9880530 ps 1001100 0000010 01000100 1 1
     9880568 ps 1001100 0000010 01000000 1 1
     9880582 ps 1001100 0000010 01000010 1 1
     9880785 ps 1001100 0010010 01000010 1 1
