                    0 ps xxxx xxxx x x
                    0 ps xxxx 0000 x x
                    0 ps 0001 0000 0 1
                10000 ps 0001 0000 1 1
                20000 ps 0001 0000 0 1
                30000 ps 0001 0000 1 1
                40000 ps 0001 0000 0 1
                45000 ps 0001 0000 0 0
                50000 ps 0001 0000 1 0
                60000 ps 0001 0000 0 0
                70000 ps 0001 0000 1 0
                80000 ps 0001 0000 0 0
                90000 ps 0001 0000 1 0
               100000 ps 0001 0000 0 0
               110000 ps 0001 0000 1 0
               120000 ps 0001 0000 0 0
               130000 ps 0001 0000 1 0
               140000 ps 0001 0000 0 0
               150000 ps 0001 0000 1 0
               160000 ps 0001 0000 0 0
               170000 ps 0001 0000 1 0
               180000 ps 0001 0000 0 0
               190000 ps 0001 0000 1 0
               200000 ps 0001 0000 0 0
               210000 ps 0001 0000 1 0
               220000 ps 0001 0000 0 0
               230000 ps 0001 0000 1 0
               240000 ps 0001 0000 0 0
               250000 ps 0001 0000 1 0
               260000 ps 0001 0000 0 0
               270000 ps 0001 0000 1 0
               280000 ps 0001 0000 0 0
               290000 ps 0001 0000 1 0
               300000 ps 0001 0000 0 0
               310000 ps 0001 0000 1 0
               320000 ps 0001 0000 0 0
               330000 ps 0001 0000 1 0
               340000 ps 0001 0000 0 0
               350000 ps 0001 0000 1 0
               360000 ps 0001 0000 0 0
               370000 ps 0001 0000 1 0
               380000 ps 0001 0000 0 0
               390000 ps 0001 0000 1 0
               400000 ps 0001 0000 0 0
               410000 ps 0001 0000 1 0
               420000 ps 0001 0000 0 0
               430000 ps 0001 0000 1 0
               440000 ps 0001 0000 0 0
               450000 ps 0001 0000 1 0
               460000 ps 0001 0000 0 0
               470000 ps 0001 0000 1 0
               480000 ps 0001 0000 0 0
               490000 ps 0001 0000 1 0
               500000 ps 0001 0000 0 0
               510000 ps 0001 0000 1 0
               520000 ps 0001 0000 0 0
               530000 ps 0001 0000 1 0
               540000 ps 0001 0000 0 0
               550000 ps 0001 0000 1 0
               560000 ps 0001 0000 0 0
               570000 ps 0001 0000 1 0
               580000 ps 0001 0000 0 0
               590000 ps 0001 0000 1 0
               600000 ps 0001 0000 0 0
               610000 ps 0001 0000 1 0
               620000 ps 0001 0000 0 0
               630000 ps 0001 0000 1 0
               640000 ps 0001 0000 0 0
               650000 ps 0001 0000 1 0
               660000 ps 0001 0000 0 0
               670000 ps 0001 0000 1 0
               680000 ps 0001 0000 0 0
               690000 ps 0001 0000 1 0
               700000 ps 0001 0000 0 0
               710000 ps 0001 0000 1 0
               720000 ps 0001 0000 0 0
               730000 ps 0001 0000 1 0
               740000 ps 0001 0000 0 0
               750000 ps 0001 0000 1 0
               760000 ps 0001 0000 0 0
               760100 ps 0001 0001 0 0
               770000 ps 0001 0001 1 0
               780000 ps 0001 0001 0 0
               790000 ps 0001 0001 1 0
               800000 ps 0001 0001 0 0
               810000 ps 0001 0001 1 0
               820000 ps 0001 0001 0 0
               830000 ps 0001 0001 1 0
               840000 ps 0001 0001 0 0
               850000 ps 0001 0001 1 0
               860000 ps 0001 0001 0 0
               870000 ps 0001 0001 1 0
               880000 ps 0001 0001 0 0
               890000 ps 0001 0001 1 0
               900000 ps 0001 0001 0 0
               910000 ps 0001 0001 1 0
               920000 ps 0001 0001 0 0
               930000 ps 0001 0001 1 0
               940000 ps 0001 0001 0 0
               950000 ps 0001 0001 1 0
               960000 ps 0001 0001 0 0
               970000 ps 0001 0001 1 0
               980000 ps 0001 0001 0 0
               990000 ps 0001 0001 1 0
              1000000 ps 0001 0001 0 0
              1010000 ps 0001 0001 1 0
              1020000 ps 0001 0001 0 0
              1030000 ps 0001 0001 1 0
              1040000 ps 0001 0001 0 0
              1050000 ps 0001 0001 1 0
              1060000 ps 0001 0001 0 0
              1070000 ps 0001 0001 1 0
              1080000 ps 0001 0001 0 0
              1090000 ps 0001 0001 1 0
              1100000 ps 0001 0001 0 0
              1110000 ps 0001 0001 1 0
              1120000 ps 0001 0001 0 0
              1130000 ps 0001 0001 1 0
              1140000 ps 0001 0001 0 0
              1150000 ps 0001 0001 1 0
              1160000 ps 0001 0001 0 0
              1170000 ps 0001 0001 1 0
              1180000 ps 0001 0001 0 0
              1190000 ps 0001 0001 1 0
              1200000 ps 0001 0001 0 0
              1210000 ps 0001 0001 1 0
              1220000 ps 0001 0001 0 0
              1230000 ps 0001 0001 1 0
              1240000 ps 0001 0001 0 0
              1250000 ps 0001 0001 1 0
              1260000 ps 0001 0001 0 0
              1270000 ps 0001 0001 1 0
              1280000 ps 0001 0001 0 0
              1290000 ps 0001 0001 1 0
              1300000 ps 0001 0001 0 0
              1310000 ps 0001 0001 1 0
              1320000 ps 0001 0001 0 0
              1330000 ps 0001 0001 1 0
              1340000 ps 0001 0001 0 0
              1350000 ps 0001 0001 1 0
              1360000 ps 0001 0001 0 0
              1370000 ps 0001 0001 1 0
              1380000 ps 0001 0001 0 0
              1390000 ps 0001 0001 1 0
              1400000 ps 0001 0001 0 0
              1410000 ps 0001 0001 1 0
              1420000 ps 0001 0001 0 0
              1430000 ps 0001 0001 1 0
              1440000 ps 0001 0001 0 0
              1450000 ps 0001 0001 1 0
              1460000 ps 0001 0001 0 0
              1470000 ps 0001 0001 1 0
              1480000 ps 0001 0001 0 0
              1490000 ps 0001 0001 1 0
              1500000 ps 0001 0001 0 0
              1510000 ps 0001 0001 1 0
              1520000 ps 0001 0001 0 0
              1530000 ps 0001 0001 1 0
              1540000 ps 0001 0001 0 0
              1550000 ps 0001 0001 1 0
              1560000 ps 0001 0001 0 0
              1570000 ps 0001 0001 1 0
              1580000 ps 0001 0001 0 0
              1590000 ps 0001 0001 1 0
              1600000 ps 0001 0001 0 0
              1610000 ps 0001 0001 1 0
              1620000 ps 0001 0001 0 0
              1630000 ps 0001 0001 1 0
              1640000 ps 0001 0001 0 0
              1650000 ps 0001 0001 1 0
              1660000 ps 0001 0001 0 0
              1670000 ps 0001 0001 1 0
              1680000 ps 0001 0001 0 0
              1690000 ps 0001 0001 1 0
              1700000 ps 0001 0001 0 0
              1710000 ps 0001 0001 1 0
              1720000 ps 0001 0001 0 0
              1730000 ps 0001 0001 1 0
              1740000 ps 0001 0001 0 0
              1750000 ps 0001 0001 1 0
              1760000 ps 0001 0001 0 0
              1770000 ps 0001 0001 1 0
              1780000 ps 0001 0001 0 0
              1790000 ps 0001 0001 1 0
              1800000 ps 0001 0001 0 0
              1810000 ps 0001 0001 1 0
              1820000 ps 0001 0001 0 0
              1830000 ps 0001 0001 1 0
              1840000 ps 0001 0001 0 0
              1850000 ps 0001 0001 1 0
              1860000 ps 0001 0001 0 0
              1870000 ps 0001 0001 1 0
              1880000 ps 0001 0001 0 0
              1890000 ps 0001 0001 1 0
              1900000 ps 0001 0001 0 0
              1910000 ps 0001 0001 1 0
              1920000 ps 0001 0001 0 0
              1930000 ps 0001 0001 1 0
              1940000 ps 0001 0001 0 0
              1950000 ps 0001 0001 1 0
              1960000 ps 0001 0001 0 0
              1970000 ps 0001 0001 1 0
              1980000 ps 0001 0001 0 0
              1990000 ps 0001 0001 1 0
              2000000 ps 0001 0001 0 0
              2000100 ps 0001 0000 0 0
              2010000 ps 0001 0000 1 0
              2020000 ps 0001 0000 0 0
              2030000 ps 0001 0000 1 0
              2040000 ps 0001 0000 0 0
              2040100 ps 0001 0001 0 0
              2050000 ps 0001 0001 1 0
              2060000 ps 0001 0001 0 0
              2070000 ps 0001 0001 1 0
              2080000 ps 0001 0001 0 0
              2090000 ps 0001 0001 1 0
              2100000 ps 0001 0001 0 0
              2110000 ps 0001 0001 1 0
              2120000 ps 0001 0001 0 0
              2130000 ps 0001 0001 1 0
              2140000 ps 0001 0001 0 0
              2145000 ps 1111 0001 0 0
              2150000 ps 1111 0001 1 0
              2160000 ps 1111 0001 0 0
              2170000 ps 1111 0001 1 0
              2180000 ps 1111 0001 0 0
              2190000 ps 1111 0001 1 0
              2200000 ps 1111 0001 0 0
              2200100 ps 1111 0010 0 0
              2210000 ps 1111 0010 1 0
              2220000 ps 1111 0010 0 0
              2230000 ps 1111 0010 1 0
              2240000 ps 1111 0010 0 0
              2250000 ps 1111 0010 1 0
              2260000 ps 1111 0010 0 0
              2270000 ps 1111 0010 1 0
              2280000 ps 1111 0010 0 0
              2280100 ps 1111 0011 0 0
              2290000 ps 1111 0011 1 0
              2300000 ps 1111 0011 0 0
              2310000 ps 1111 0011 1 0
              2320000 ps 1111 0011 0 0
              2320100 ps 1111 0010 0 0
              2330000 ps 1111 0010 1 0
              2340000 ps 1111 0010 0 0
              2350000 ps 1111 0010 1 0
              2360000 ps 1111 0010 0 0
              2360100 ps 1111 0011 0 0
              2370000 ps 1111 0011 1 0
              2380000 ps 1111 0011 0 0
              2390000 ps 1111 0011 1 0
              2400000 ps 1111 0011 0 0
              2410000 ps 1111 0011 1 0
              2420000 ps 1111 0011 0 0
              2430000 ps 1111 0011 1 0
              2440000 ps 1111 0011 0 0
              2440100 ps 1111 0100 0 0
              2450000 ps 1111 0100 1 0
              2460000 ps 1111 0100 0 0
              2470000 ps 1111 0100 1 0
              2480000 ps 1111 0100 0 0
              2480100 ps 1111 0011 0 0
              2490000 ps 1111 0011 1 0
              2500000 ps 1111 0011 0 0
              2510000 ps 1111 0011 1 0
              2520000 ps 1111 0011 0 0
              2520100 ps 1111 0100 0 0
              2530000 ps 1111 0100 1 0
              2540000 ps 1111 0100 0 0
              2550000 ps 1111 0100 1 0
              2560000 ps 1111 0100 0 0
              2570000 ps 1111 0100 1 0
              2580000 ps 1111 0100 0 0
              2590000 ps 1111 0100 1 0
              2600000 ps 1111 0100 0 0
              2600100 ps 1111 0101 0 0
              2610000 ps 1111 0101 1 0
              2620000 ps 1111 0101 0 0
              2630000 ps 1111 0101 1 0
              2640000 ps 1111 0101 0 0
              2650000 ps 1111 0101 1 0
              2660000 ps 1111 0101 0 0
              2670000 ps 1111 0101 1 0
              2680000 ps 1111 0101 0 0
              2690000 ps 1111 0101 1 0
              2700000 ps 1111 0101 0 0
              2710000 ps 1111 0101 1 0
              2720000 ps 1111 0101 0 0
              2730000 ps 1111 0101 1 0
              2740000 ps 1111 0101 0 0
              2750000 ps 1111 0101 1 0
              2760000 ps 1111 0101 0 0
              2760100 ps 1111 0110 0 0
              2770000 ps 1111 0110 1 0
              2780000 ps 1111 0110 0 0
              2790000 ps 1111 0110 1 0
              2800000 ps 1111 0110 0 0
              2800100 ps 1111 0101 0 0
              2810000 ps 1111 0101 1 0
              2820000 ps 1111 0101 0 0
              2830000 ps 1111 0101 1 0
              2840000 ps 1111 0101 0 0
              2840100 ps 1111 0110 0 0
              2850000 ps 1111 0110 1 0
              2860000 ps 1111 0110 0 0
              2870000 ps 1111 0110 1 0
              2880000 ps 1111 0110 0 0
              2890000 ps 1111 0110 1 0
              2900000 ps 1111 0110 0 0
              2910000 ps 1111 0110 1 0
              2920000 ps 1111 0110 0 0
              2920100 ps 1111 0111 0 0
              2930000 ps 1111 0111 1 0
              2940000 ps 1111 0111 0 0
              2950000 ps 1111 0111 1 0
              2960000 ps 1111 0111 0 0
              2960100 ps 1111 0110 0 0
              2970000 ps 1111 0110 1 0
              2980000 ps 1111 0110 0 0
              2990000 ps 1111 0110 1 0
              3000000 ps 1111 0110 0 0
              3000100 ps 1111 0111 0 0
              3010000 ps 1111 0111 1 0
              3020000 ps 1111 0111 0 0
              3030000 ps 1111 0111 1 0
              3040000 ps 1111 0111 0 0
              3050000 ps 1111 0111 1 0
              3060000 ps 1111 0111 0 0
              3070000 ps 1111 0111 1 0
              3080000 ps 1111 0111 0 0
              3080100 ps 1111 1000 0 0
              3090000 ps 1111 1000 1 0
              3100000 ps 1111 1000 0 0
              3110000 ps 1111 1000 1 0
              3120000 ps 1111 1000 0 0
              3130000 ps 1111 1000 1 0
              3140000 ps 1111 1000 0 0
              3150000 ps 1111 1000 1 0
              3160000 ps 1111 1000 0 0
              3160100 ps 1111 1001 0 0
              3170000 ps 1111 1001 1 0
              3180000 ps 1111 1001 0 0
              3190000 ps 1111 1001 1 0
              3200000 ps 1111 1001 0 0
              3200100 ps 1111 1000 0 0
              3210000 ps 1111 1000 1 0
              3220000 ps 1111 1000 0 0
              3230000 ps 1111 1000 1 0
              3240000 ps 1111 1000 0 0
              3240100 ps 1111 1001 0 0
              3250000 ps 1111 1001 1 0
              3260000 ps 1111 1001 0 0
              3270000 ps 1111 1001 1 0
              3280000 ps 1111 1001 0 0
              3280100 ps 1111 1000 0 0
              3290000 ps 1111 1000 1 0
              3300000 ps 1111 1000 0 0
              3310000 ps 1111 1000 1 0
              3320000 ps 1111 1000 0 0
              3320100 ps 1111 1001 0 0
              3330000 ps 1111 1001 1 0
              3340000 ps 1111 1001 0 0
              3350000 ps 1111 1001 1 0
              3360000 ps 1111 1001 0 0
              3360100 ps 1111 1000 0 0
              3370000 ps 1111 1000 1 0
              3380000 ps 1111 1000 0 0
              3390000 ps 1111 1000 1 0
              3400000 ps 1111 1000 0 0
              3400100 ps 1111 1001 0 0
              3410000 ps 1111 1001 1 0
              3420000 ps 1111 1001 0 0
              3430000 ps 1111 1001 1 0
              3440000 ps 1111 1001 0 0
              3450000 ps 1111 1001 1 0
              3460000 ps 1111 1001 0 0
              3470000 ps 1111 1001 1 0
              3480000 ps 1111 1001 0 0
              3480100 ps 1111 1010 0 0
              3490000 ps 1111 1010 1 0
              3500000 ps 1111 1010 0 0
              3510000 ps 1111 1010 1 0
              3520000 ps 1111 1010 0 0
              3520100 ps 1111 1001 0 0
              3530000 ps 1111 1001 1 0
              3540000 ps 1111 1001 0 0
              3550000 ps 1111 1001 1 0
              3560000 ps 1111 1001 0 0
              3560100 ps 1111 1010 0 0
              3570000 ps 1111 1010 1 0
              3580000 ps 1111 1010 0 0
              3590000 ps 1111 1010 1 0
              3600000 ps 1111 1010 0 0
              3600100 ps 1111 1001 0 0
              3610000 ps 1111 1001 1 0
              3620000 ps 1111 1001 0 0
              3630000 ps 1111 1001 1 0
              3640000 ps 1111 1001 0 0
              3640100 ps 1111 1010 0 0
              3650000 ps 1111 1010 1 0
              3660000 ps 1111 1010 0 0
              3670000 ps 1111 1010 1 0
              3680000 ps 1111 1010 0 0
              3680100 ps 1111 1001 0 0
              3690000 ps 1111 1001 1 0
              3700000 ps 1111 1001 0 0
              3710000 ps 1111 1001 1 0
              3720000 ps 1111 1001 0 0
              3720100 ps 1111 1010 0 0
              3730000 ps 1111 1010 1 0
              3740000 ps 1111 1010 0 0
              3750000 ps 1111 1010 1 0
              3760000 ps 1111 1010 0 0
              3770000 ps 1111 1010 1 0
              3780000 ps 1111 1010 0 0
              3790000 ps 1111 1010 1 0
              3800000 ps 1111 1010 0 0
              3800100 ps 1111 1011 0 0
              3810000 ps 1111 1011 1 0
              3820000 ps 1111 1011 0 0
              3830000 ps 1111 1011 1 0
              3840000 ps 1111 1011 0 0
              3840100 ps 1111 1010 0 0
              3850000 ps 1111 1010 1 0
              3860000 ps 1111 1010 0 0
              3870000 ps 1111 1010 1 0
              3880000 ps 1111 1010 0 0
              3880100 ps 1111 1011 0 0
              3890000 ps 1111 1011 1 0
              3900000 ps 1111 1011 0 0
              3910000 ps 1111 1011 1 0
              3920000 ps 1111 1011 0 0
              3930000 ps 1111 1011 1 0
              3940000 ps 1111 1011 0 0
              3950000 ps 1111 1011 1 0
              3960000 ps 1111 1011 0 0
              3970000 ps 1111 1011 1 0
              3980000 ps 1111 1011 0 0
              3990000 ps 1111 1011 1 0
              4000000 ps 1111 1011 0 0
              4000100 ps 1111 1010 0 0
              4010000 ps 1111 1010 1 0
              4020000 ps 1111 1010 0 0
              4030000 ps 1111 1010 1 0
              4040000 ps 1111 1010 0 0
              4040100 ps 1111 1011 0 0
              4050000 ps 1111 1011 1 0
              4060000 ps 1111 1011 0 0
              4070000 ps 1111 1011 1 0
              4080000 ps 1111 1011 0 0
              4090000 ps 1111 1011 1 0
              4100000 ps 1111 1011 0 0
              4110000 ps 1111 1011 1 0
              4120000 ps 1111 1011 0 0
              4120100 ps 1111 1100 0 0
              4130000 ps 1111 1100 1 0
              4140000 ps 1111 1100 0 0
              4150000 ps 1111 1100 1 0
              4160000 ps 1111 1100 0 0
              4160100 ps 1111 1011 0 0
              4170000 ps 1111 1011 1 0
              4180000 ps 1111 1011 0 0
              4190000 ps 1111 1011 1 0
              4200000 ps 1111 1011 0 0
              4200100 ps 1111 1100 0 0
              4210000 ps 1111 1100 1 0
              4220000 ps 1111 1100 0 0
              4230000 ps 1111 1100 1 0
              4240000 ps 1111 1100 0 0
              4250000 ps 1111 1100 1 0
              4260000 ps 1111 1100 0 0
              4270000 ps 1111 1100 1 0
              4280000 ps 1111 1100 0 0
              4280100 ps 1111 1101 0 0
              4290000 ps 1111 1101 1 0
              4300000 ps 1111 1101 0 0
              4310000 ps 1111 1101 1 0
              4320000 ps 1111 1101 0 0
              4320100 ps 1111 1100 0 0
              4330000 ps 1111 1100 1 0
              4340000 ps 1111 1100 0 0
              4350000 ps 1111 1100 1 0
              4360000 ps 1111 1100 0 0
              4360100 ps 1111 1101 0 0
              4370000 ps 1111 1101 1 0
              4380000 ps 1111 1101 0 0
              4390000 ps 1111 1101 1 0
              4400000 ps 1111 1101 0 0
              4400100 ps 1111 1100 0 0
              4410000 ps 1111 1100 1 0
              4420000 ps 1111 1100 0 0
              4430000 ps 1111 1100 1 0
              4440000 ps 1111 1100 0 0
              4440100 ps 1111 1101 0 0
              4450000 ps 1111 1101 1 0
              4460000 ps 1111 1101 0 0
              4470000 ps 1111 1101 1 0
              4480000 ps 1111 1101 0 0
              4480100 ps 1111 1100 0 0
              4490000 ps 1111 1100 1 0
              4500000 ps 1111 1100 0 0
              4510000 ps 1111 1100 1 0
              4520000 ps 1111 1100 0 0
              4520100 ps 1111 1101 0 0
              4530000 ps 1111 1101 1 0
              4540000 ps 1111 1101 0 0
              4550000 ps 1111 1101 1 0
              4560000 ps 1111 1101 0 0
              4560100 ps 1111 1100 0 0
              4570000 ps 1111 1100 1 0
              4580000 ps 1111 1100 0 0
              4590000 ps 1111 1100 1 0
              4600000 ps 1111 1100 0 0
              4600100 ps 1111 1101 0 0
              4610000 ps 1111 1101 1 0
              4620000 ps 1111 1101 0 0
              4630000 ps 1111 1101 1 0
              4640000 ps 1111 1101 0 0
              4640100 ps 1111 1100 0 0
              4650000 ps 1111 1100 1 0
              4660000 ps 1111 1100 0 0
              4670000 ps 1111 1100 1 0
              4680000 ps 1111 1100 0 0
              4680100 ps 1111 1101 0 0
              4690000 ps 1111 1101 1 0
              4700000 ps 1111 1101 0 0
              4710000 ps 1111 1101 1 0
              4720000 ps 1111 1101 0 0
              4720100 ps 1111 1100 0 0
              4730000 ps 1111 1100 1 0
              4740000 ps 1111 1100 0 0
              4750000 ps 1111 1100 1 0
              4760000 ps 1111 1100 0 0
              4760100 ps 1111 1101 0 0
              4770000 ps 1111 1101 1 0
              4780000 ps 1111 1101 0 0
              4790000 ps 1111 1101 1 0
              4800000 ps 1111 1101 0 0
              4800100 ps 1111 1100 0 0
              4810000 ps 1111 1100 1 0
              4820000 ps 1111 1100 0 0
              4830000 ps 1111 1100 1 0
              4840000 ps 1111 1100 0 0
              4840100 ps 1111 1101 0 0
              4850000 ps 1111 1101 1 0
              4860000 ps 1111 1101 0 0
              4870000 ps 1111 1101 1 0
              4880000 ps 1111 1101 0 0
              4890000 ps 1111 1101 1 0
              4900000 ps 1111 1101 0 0
              4910000 ps 1111 1101 1 0
              4920000 ps 1111 1101 0 0
              4920100 ps 1111 1110 0 0
              4930000 ps 1111 1110 1 0
              4940000 ps 1111 1110 0 0
              4950000 ps 1111 1110 1 0
              4960000 ps 1111 1110 0 0
              4960100 ps 1111 1101 0 0
              4970000 ps 1111 1101 1 0
              4980000 ps 1111 1101 0 0
              4990000 ps 1111 1101 1 0
              5000000 ps 1111 1101 0 0
              5000100 ps 1111 1110 0 0
              5010000 ps 1111 1110 1 0
              5020000 ps 1111 1110 0 0
              5030000 ps 1111 1110 1 0
              5040000 ps 1111 1110 0 0
              5040100 ps 1111 1101 0 0
              5050000 ps 1111 1101 1 0
              5060000 ps 1111 1101 0 0
              5070000 ps 1111 1101 1 0
              5080000 ps 1111 1101 0 0
              5080100 ps 1111 1110 0 0
              5090000 ps 1111 1110 1 0
              5100000 ps 1111 1110 0 0
              5110000 ps 1111 1110 1 0
              5120000 ps 1111 1110 0 0
              5120100 ps 1111 1101 0 0
              5130000 ps 1111 1101 1 0
              5140000 ps 1111 1101 0 0
              5150000 ps 1111 1101 1 0
              5160000 ps 1111 1101 0 0
              5160100 ps 1111 1110 0 0
              5170000 ps 1111 1110 1 0
              5180000 ps 1111 1110 0 0
              5190000 ps 1111 1110 1 0
              5200000 ps 1111 1110 0 0
              5210000 ps 1111 1110 1 0
              5220000 ps 1111 1110 0 0
              5230000 ps 1111 1110 1 0
              5240000 ps 1111 1110 0 0
              5250000 ps 1111 1110 1 0
              5260000 ps 1111 1110 0 0
              5270000 ps 1111 1110 1 0
              5280000 ps 1111 1110 0 0
              5280100 ps 1111 1101 0 0
              5290000 ps 1111 1101 1 0
              5300000 ps 1111 1101 0 0
              5310000 ps 1111 1101 1 0
              5320000 ps 1111 1101 0 0
              5320100 ps 1111 1110 0 0
              5330000 ps 1111 1110 1 0
              5340000 ps 1111 1110 0 0
              5350000 ps 1111 1110 1 0
              5360000 ps 1111 1110 0 0
              5360100 ps 1111 1101 0 0
              5370000 ps 1111 1101 1 0
              5380000 ps 1111 1101 0 0
              5390000 ps 1111 1101 1 0
              5400000 ps 1111 1101 0 0
              5400100 ps 1111 1110 0 0
              5410000 ps 1111 1110 1 0
              5420000 ps 1111 1110 0 0
              5430000 ps 1111 1110 1 0
              5440000 ps 1111 1110 0 0
              5440100 ps 1111 1101 0 0
              5450000 ps 1111 1101 1 0
              5460000 ps 1111 1101 0 0
              5470000 ps 1111 1101 1 0
              5480000 ps 1111 1101 0 0
              5480100 ps 1111 1110 0 0
              5490000 ps 1111 1110 1 0
              5500000 ps 1111 1110 0 0
              5510000 ps 1111 1110 1 0
              5520000 ps 1111 1110 0 0
              5520100 ps 1111 1101 0 0
              5530000 ps 1111 1101 1 0
              5540000 ps 1111 1101 0 0
              5550000 ps 1111 1101 1 0
              5560000 ps 1111 1101 0 0
              5560100 ps 1111 1110 0 0
              5570000 ps 1111 1110 1 0
              5580000 ps 1111 1110 0 0
              5590000 ps 1111 1110 1 0
              5600000 ps 1111 1110 0 0
              5600100 ps 1111 1101 0 0
              5610000 ps 1111 1101 1 0
              5620000 ps 1111 1101 0 0
              5630000 ps 1111 1101 1 0
              5640000 ps 1111 1101 0 0
              5640100 ps 1111 1110 0 0
              5650000 ps 1111 1110 1 0
              5660000 ps 1111 1110 0 0
              5670000 ps 1111 1110 1 0
              5680000 ps 1111 1110 0 0
              5680100 ps 1111 1101 0 0
              5690000 ps 1111 1101 1 0
              5700000 ps 1111 1101 0 0
              5710000 ps 1111 1101 1 0
              5720000 ps 1111 1101 0 0
              5720100 ps 1111 1110 0 0
              5730000 ps 1111 1110 1 0
              5740000 ps 1111 1110 0 0
              5750000 ps 1111 1110 1 0
              5760000 ps 1111 1110 0 0
              5760100 ps 1111 1101 0 0
              5770000 ps 1111 1101 1 0
              5780000 ps 1111 1101 0 0
              5790000 ps 1111 1101 1 0
              5800000 ps 1111 1101 0 0
              5800100 ps 1111 1110 0 0
              5810000 ps 1111 1110 1 0
              5820000 ps 1111 1110 0 0
              5830000 ps 1111 1110 1 0
              5840000 ps 1111 1110 0 0
              5850000 ps 1111 1110 1 0
              5860000 ps 1111 1110 0 0
              5870000 ps 1111 1110 1 0
              5880000 ps 1111 1110 0 0
              5880100 ps 1111 1111 0 0
              5890000 ps 1111 1111 1 0
              5900000 ps 1111 1111 0 0
              5910000 ps 1111 1111 1 0
              5920000 ps 1111 1111 0 0
              5920100 ps 1111 1110 0 0
              5930000 ps 1111 1110 1 0
              5940000 ps 1111 1110 0 0
              5950000 ps 1111 1110 1 0
              5960000 ps 1111 1110 0 0
              5960100 ps 1111 1111 0 0
              5970000 ps 1111 1111 1 0
              5980000 ps 1111 1111 0 0
              5990000 ps 1111 1111 1 0
              6000000 ps 1111 1111 0 0
              6000100 ps 1111 1110 0 0
              6010000 ps 1111 1110 1 0
              6020000 ps 1111 1110 0 0
              6030000 ps 1111 1110 1 0
              6040000 ps 1111 1110 0 0
              6040100 ps 1111 1111 0 0
              6050000 ps 1111 1111 1 0
              6060000 ps 1111 1111 0 0
              6070000 ps 1111 1111 1 0
              6080000 ps 1111 1111 0 0
              6080100 ps 1111 1110 0 0
              6090000 ps 1111 1110 1 0
              6100000 ps 1111 1110 0 0
              6110000 ps 1111 1110 1 0
              6120000 ps 1111 1110 0 0
              6120100 ps 1111 1111 0 0
              6130000 ps 1111 1111 1 0
              6140000 ps 1111 1111 0 0
              6150000 ps 1111 1111 1 0
              6160000 ps 1111 1111 0 0
              6160100 ps 1111 1110 0 0
              6170000 ps 1111 1110 1 0
              6180000 ps 1111 1110 0 0
              6190000 ps 1111 1110 1 0
              6200000 ps 1111 1110 0 0
              6200100 ps 1111 1111 0 0
              6210000 ps 1111 1111 1 0
              6220000 ps 1111 1111 0 0
              6230000 ps 1111 1111 1 0
              6240000 ps 1111 1111 0 0
              6240100 ps 1111 1110 0 0
              6250000 ps 1111 1110 1 0
              6260000 ps 1111 1110 0 0
              6270000 ps 1111 1110 1 0
              6280000 ps 1111 1110 0 0
              6280100 ps 1111 1111 0 0
              6290000 ps 1111 1111 1 0
              6300000 ps 1111 1111 0 0
              6310000 ps 1111 1111 1 0
              6320000 ps 1111 1111 0 0
              6320100 ps 1111 1110 0 0
              6330000 ps 1111 1110 1 0
              6340000 ps 1111 1110 0 0
              6350000 ps 1111 1110 1 0
              6360000 ps 1111 1110 0 0
              6360100 ps 1111 1111 0 0
              6370000 ps 1111 1111 1 0
              6380000 ps 1111 1111 0 0
              6390000 ps 1111 1111 1 0
              6400000 ps 1111 1111 0 0
              6400100 ps 1111 1110 0 0
              6410000 ps 1111 1110 1 0
              6420000 ps 1111 1110 0 0
              6430000 ps 1111 1110 1 0
              6440000 ps 1111 1110 0 0
              6440100 ps 1111 1111 0 0
              6450000 ps 1111 1111 1 0
              6460000 ps 1111 1111 0 0
              6470000 ps 1111 1111 1 0
              6480000 ps 1111 1111 0 0
              6490000 ps 1111 1111 1 0
              6500000 ps 1111 1111 0 0
              6510000 ps 1111 1111 1 0
              6520000 ps 1111 1111 0 0
              6530000 ps 1111 1111 1 0
              6540000 ps 1111 1111 0 0
              6550000 ps 1111 1111 1 0
              6560000 ps 1111 1111 0 0
              6560100 ps 1111 1110 0 0
              6570000 ps 1111 1110 1 0
              6580000 ps 1111 1110 0 0
              6590000 ps 1111 1110 1 0
              6600000 ps 1111 1110 0 0
              6600100 ps 1111 1111 0 0
              6610000 ps 1111 1111 1 0
              6620000 ps 1111 1111 0 0
              6630000 ps 1111 1111 1 0
              6640000 ps 1111 1111 0 0
              6640100 ps 1111 1110 0 0
              6650000 ps 1111 1110 1 0
              6660000 ps 1111 1110 0 0
              6670000 ps 1111 1110 1 0
              6680000 ps 1111 1110 0 0
              6680100 ps 1111 1111 0 0
              6690000 ps 1111 1111 1 0
              6700000 ps 1111 1111 0 0
              6710000 ps 1111 1111 1 0
              6720000 ps 1111 1111 0 0
              6720100 ps 1111 1110 0 0
              6730000 ps 1111 1110 1 0
              6740000 ps 1111 1110 0 0
              6750000 ps 1111 1110 1 0
              6760000 ps 1111 1110 0 0
              6760100 ps 1111 1111 0 0
              6770000 ps 1111 1111 1 0
              6780000 ps 1111 1111 0 0
              6790000 ps 1111 1111 1 0
              6800000 ps 1111 1111 0 0
              6800100 ps 1111 1110 0 0
              6810000 ps 1111 1110 1 0
              6820000 ps 1111 1110 0 0
              6830000 ps 1111 1110 1 0
              6840000 ps 1111 1110 0 0
              6840100 ps 1111 1111 0 0
              6850000 ps 1111 1111 1 0
              6860000 ps 1111 1111 0 0
              6870000 ps 1111 1111 1 0
              6880000 ps 1111 1111 0 0
              6880100 ps 1111 1110 0 0
              6890000 ps 1111 1110 1 0
              6900000 ps 1111 1110 0 0
              6910000 ps 1111 1110 1 0
              6920000 ps 1111 1110 0 0
              6920100 ps 1111 1111 0 0
              6930000 ps 1111 1111 1 0
              6940000 ps 1111 1111 0 0
              6950000 ps 1111 1111 1 0
              6960000 ps 1111 1111 0 0
              6960100 ps 1111 1110 0 0
              6970000 ps 1111 1110 1 0
              6980000 ps 1111 1110 0 0
              6990000 ps 1111 1110 1 0
              7000000 ps 1111 1110 0 0
              7000100 ps 1111 1111 0 0
              7010000 ps 1111 1111 1 0
              7020000 ps 1111 1111 0 0
              7030000 ps 1111 1111 1 0
              7040000 ps 1111 1111 0 0
              7040100 ps 1111 1110 0 0
              7050000 ps 1111 1110 1 0
              7060000 ps 1111 1110 0 0
              7070000 ps 1111 1110 1 0
              7080000 ps 1111 1110 0 0
              7080100 ps 1111 1111 0 0
              7090000 ps 1111 1111 1 0
              7100000 ps 1111 1111 0 0
              7110000 ps 1111 1111 1 0
              7120000 ps 1111 1111 0 0
              7120100 ps 1111 1110 0 0
              7130000 ps 1111 1110 1 0
              7140000 ps 1111 1110 0 0
              7150000 ps 1111 1110 1 0
              7160000 ps 1111 1110 0 0
              7160100 ps 1111 1111 0 0
              7170000 ps 1111 1111 1 0
              7180000 ps 1111 1111 0 0
              7190000 ps 1111 1111 1 0
              7200000 ps 1111 1111 0 0
              7200100 ps 1111 1110 0 0
              7210000 ps 1111 1110 1 0
              7220000 ps 1111 1110 0 0
              7230000 ps 1111 1110 1 0
              7240000 ps 1111 1110 0 0
              7240100 ps 1111 1111 0 0
              7250000 ps 1111 1111 1 0
              7260000 ps 1111 1111 0 0
              7270000 ps 1111 1111 1 0
              7280000 ps 1111 1111 0 0
              7280100 ps 1111 1110 0 0
              7290000 ps 1111 1110 1 0
              7300000 ps 1111 1110 0 0
              7310000 ps 1111 1110 1 0
              7320000 ps 1111 1110 0 0
              7320100 ps 1111 1111 0 0
              7330000 ps 1111 1111 1 0
              7340000 ps 1111 1111 0 0
              7350000 ps 1111 1111 1 0
              7360000 ps 1111 1111 0 0
              7360100 ps 1111 1110 0 0
              7370000 ps 1111 1110 1 0
              7380000 ps 1111 1110 0 0
              7390000 ps 1111 1110 1 0
              7400000 ps 1111 1110 0 0
              7400100 ps 1111 1111 0 0
              7410000 ps 1111 1111 1 0
              7420000 ps 1111 1111 0 0
              7430000 ps 1111 1111 1 0
              7440000 ps 1111 1111 0 0
              7440100 ps 1111 1110 0 0
              7450000 ps 1111 1110 1 0
              7460000 ps 1111 1110 0 0
              7470000 ps 1111 1110 1 0
              7480000 ps 1111 1110 0 0
              7480100 ps 1111 1111 0 0
              7490000 ps 1111 1111 1 0
              7500000 ps 1111 1111 0 0
              7510000 ps 1111 1111 1 0
              7520000 ps 1111 1111 0 0
              7520100 ps 1111 1110 0 0
              7530000 ps 1111 1110 1 0
              7540000 ps 1111 1110 0 0
              7550000 ps 1111 1110 1 0
              7560000 ps 1111 1110 0 0
              7560100 ps 1111 1111 0 0
              7570000 ps 1111 1111 1 0
              7580000 ps 1111 1111 0 0
              7590000 ps 1111 1111 1 0
              7600000 ps 1111 1111 0 0
              7600100 ps 1111 1110 0 0
              7610000 ps 1111 1110 1 0
              7620000 ps 1111 1110 0 0
              7630000 ps 1111 1110 1 0
              7640000 ps 1111 1110 0 0
              7640100 ps 1111 1111 0 0
              7650000 ps 1111 1111 1 0
              7660000 ps 1111 1111 0 0
              7670000 ps 1111 1111 1 0
              7680000 ps 1111 1111 0 0
              7680100 ps 1111 1110 0 0
              7690000 ps 1111 1110 1 0
              7700000 ps 1111 1110 0 0
              7710000 ps 1111 1110 1 0
              7720000 ps 1111 1110 0 0
              7720100 ps 1111 1111 0 0
              7730000 ps 1111 1111 1 0
              7740000 ps 1111 1111 0 0
              7750000 ps 1111 1111 1 0
              7760000 ps 1111 1111 0 0
              7770000 ps 1111 1111 1 0
              7780000 ps 1111 1111 0 0
              7790000 ps 1111 1111 1 0
              7800000 ps 1111 1111 0 0
              7810000 ps 1111 1111 1 0
              7820000 ps 1111 1111 0 0
              7830000 ps 1111 1111 1 0
              7840000 ps 1111 1111 0 0
              7840100 ps 1111 1110 0 0
              7850000 ps 1111 1110 1 0
              7860000 ps 1111 1110 0 0
              7870000 ps 1111 1110 1 0
              7880000 ps 1111 1110 0 0
              7880100 ps 1111 1111 0 0
              7890000 ps 1111 1111 1 0
              7900000 ps 1111 1111 0 0
              7910000 ps 1111 1111 1 0
              7920000 ps 1111 1111 0 0
              7920100 ps 1111 1110 0 0
              7930000 ps 1111 1110 1 0
              7940000 ps 1111 1110 0 0
              7950000 ps 1111 1110 1 0
              7960000 ps 1111 1110 0 0
              7960100 ps 1111 1111 0 0
              7970000 ps 1111 1111 1 0
              7980000 ps 1111 1111 0 0
              7990000 ps 1111 1111 1 0
              8000000 ps 1111 1111 0 0
              8000100 ps 1111 1110 0 0
              8010000 ps 1111 1110 1 0
              8020000 ps 1111 1110 0 0
              8030000 ps 1111 1110 1 0
              8040000 ps 1111 1110 0 0
              8040100 ps 1111 1111 0 0
              8050000 ps 1111 1111 1 0
              8060000 ps 1111 1111 0 0
              8070000 ps 1111 1111 1 0
              8080000 ps 1111 1111 0 0
              8080100 ps 1111 1110 0 0
              8090000 ps 1111 1110 1 0
              8100000 ps 1111 1110 0 0
              8110000 ps 1111 1110 1 0
              8120000 ps 1111 1110 0 0
              8120100 ps 1111 1111 0 0
              8130000 ps 1111 1111 1 0
              8140000 ps 1111 1111 0 0
              8150000 ps 1111 1111 1 0
              8160000 ps 1111 1111 0 0
              8160100 ps 1111 1110 0 0
              8170000 ps 1111 1110 1 0
              8180000 ps 1111 1110 0 0
              8190000 ps 1111 1110 1 0
              8200000 ps 1111 1110 0 0
              8200100 ps 1111 1111 0 0
              8210000 ps 1111 1111 1 0
              8220000 ps 1111 1111 0 0
              8230000 ps 1111 1111 1 0
              8240000 ps 1111 1111 0 0
              8240100 ps 1111 1110 0 0
              8250000 ps 1111 1110 1 0
              8260000 ps 1111 1110 0 0
              8270000 ps 1111 1110 1 0
              8280000 ps 1111 1110 0 0
              8280100 ps 1111 1111 0 0
              8290000 ps 1111 1111 1 0
              8300000 ps 1111 1111 0 0
              8310000 ps 1111 1111 1 0
              8320000 ps 1111 1111 0 0
              8320100 ps 1111 1110 0 0
              8330000 ps 1111 1110 1 0
              8340000 ps 1111 1110 0 0
              8350000 ps 1111 1110 1 0
              8360000 ps 1111 1110 0 0
              8360100 ps 1111 1111 0 0
              8370000 ps 1111 1111 1 0
              8380000 ps 1111 1111 0 0
              8390000 ps 1111 1111 1 0
              8400000 ps 1111 1111 0 0
              8400100 ps 1111 1110 0 0
              8410000 ps 1111 1110 1 0
              8420000 ps 1111 1110 0 0
              8430000 ps 1111 1110 1 0
              8440000 ps 1111 1110 0 0
              8440100 ps 1111 1111 0 0
              8450000 ps 1111 1111 1 0
              8460000 ps 1111 1111 0 0
              8470000 ps 1111 1111 1 0
              8480000 ps 1111 1111 0 0
              8480100 ps 1111 1110 0 0
              8490000 ps 1111 1110 1 0
              8500000 ps 1111 1110 0 0
              8510000 ps 1111 1110 1 0
              8520000 ps 1111 1110 0 0
              8520100 ps 1111 1111 0 0
              8530000 ps 1111 1111 1 0
              8540000 ps 1111 1111 0 0
              8550000 ps 1111 1111 1 0
              8560000 ps 1111 1111 0 0
              8560100 ps 1111 1110 0 0
              8570000 ps 1111 1110 1 0
              8580000 ps 1111 1110 0 0
              8590000 ps 1111 1110 1 0
              8600000 ps 1111 1110 0 0
              8600100 ps 1111 1111 0 0
              8610000 ps 1111 1111 1 0
              8620000 ps 1111 1111 0 0
              8630000 ps 1111 1111 1 0
              8640000 ps 1111 1111 0 0
              8640100 ps 1111 1110 0 0
              8650000 ps 1111 1110 1 0
              8660000 ps 1111 1110 0 0
              8670000 ps 1111 1110 1 0
              8680000 ps 1111 1110 0 0
              8680100 ps 1111 1111 0 0
              8690000 ps 1111 1111 1 0
              8700000 ps 1111 1111 0 0
              8710000 ps 1111 1111 1 0
              8720000 ps 1111 1111 0 0
              8720100 ps 1111 1110 0 0
              8730000 ps 1111 1110 1 0
              8740000 ps 1111 1110 0 0
              8750000 ps 1111 1110 1 0
              8760000 ps 1111 1110 0 0
              8760100 ps 1111 1111 0 0
              8770000 ps 1111 1111 1 0
              8780000 ps 1111 1111 0 0
              8790000 ps 1111 1111 1 0
              8800000 ps 1111 1111 0 0
              8800100 ps 1111 1110 0 0
              8810000 ps 1111 1110 1 0
              8820000 ps 1111 1110 0 0
              8830000 ps 1111 1110 1 0
              8840000 ps 1111 1110 0 0
              8840100 ps 1111 1111 0 0
              8850000 ps 1111 1111 1 0
              8860000 ps 1111 1111 0 0
              8870000 ps 1111 1111 1 0
              8880000 ps 1111 1111 0 0
              8880100 ps 1111 1110 0 0
              8890000 ps 1111 1110 1 0
              8900000 ps 1111 1110 0 0
              8910000 ps 1111 1110 1 0
              8920000 ps 1111 1110 0 0
              8920100 ps 1111 1111 0 0
              8930000 ps 1111 1111 1 0
              8940000 ps 1111 1111 0 0
              8950000 ps 1111 1111 1 0
              8960000 ps 1111 1111 0 0
              8960100 ps 1111 1110 0 0
              8970000 ps 1111 1110 1 0
              8980000 ps 1111 1110 0 0
              8990000 ps 1111 1110 1 0
              9000000 ps 1111 1110 0 0
              9000100 ps 1111 1111 0 0
              9010000 ps 1111 1111 1 0
              9020000 ps 1111 1111 0 0
              9030000 ps 1111 1111 1 0
              9040000 ps 1111 1111 0 0
              9050000 ps 1111 1111 1 0
              9060000 ps 1111 1111 0 0
              9070000 ps 1111 1111 1 0
              9080000 ps 1111 1111 0 0
              9090000 ps 1111 1111 1 0
              9100000 ps 1111 1111 0 0
              9110000 ps 1111 1111 1 0
              9120000 ps 1111 1111 0 0
              9120100 ps 1111 1110 0 0
              9130000 ps 1111 1110 1 0
              9140000 ps 1111 1110 0 0
              9150000 ps 1111 1110 1 0
              9160000 ps 1111 1110 0 0
              9160100 ps 1111 1111 0 0
              9170000 ps 1111 1111 1 0
              9180000 ps 1111 1111 0 0
              9190000 ps 1111 1111 1 0
              9200000 ps 1111 1111 0 0
              9200100 ps 1111 1110 0 0
              9210000 ps 1111 1110 1 0
              9220000 ps 1111 1110 0 0
              9230000 ps 1111 1110 1 0
              9240000 ps 1111 1110 0 0
              9240100 ps 1111 1111 0 0
              9250000 ps 1111 1111 1 0
              9260000 ps 1111 1111 0 0
              9270000 ps 1111 1111 1 0
              9280000 ps 1111 1111 0 0
              9280100 ps 1111 1110 0 0
              9290000 ps 1111 1110 1 0
              9300000 ps 1111 1110 0 0
              9310000 ps 1111 1110 1 0
              9320000 ps 1111 1110 0 0
              9320100 ps 1111 1111 0 0
              9330000 ps 1111 1111 1 0
              9340000 ps 1111 1111 0 0
              9345000 ps 0001 1111 0 0
              9350000 ps 0001 1111 1 0
              9360000 ps 0001 1111 0 0
              9360100 ps 0001 1110 0 0
              9370000 ps 0001 1110 1 0
              9380000 ps 0001 1110 0 0
              9390000 ps 0001 1110 1 0
              9400000 ps 0001 1110 0 0
              9410000 ps 0001 1110 1 0
              9420000 ps 0001 1110 0 0
              9430000 ps 0001 1110 1 0
              9440000 ps 0001 1110 0 0
              9440100 ps 0001 1101 0 0
              9450000 ps 0001 1101 1 0
              9460000 ps 0001 1101 0 0
              9470000 ps 0001 1101 1 0
              9480000 ps 0001 1101 0 0
              9490000 ps 0001 1101 1 0
              9500000 ps 0001 1101 0 0
              9510000 ps 0001 1101 1 0
              9520000 ps 0001 1101 0 0
              9520100 ps 0001 1100 0 0
              9530000 ps 0001 1100 1 0
              9540000 ps 0001 1100 0 0
              9550000 ps 0001 1100 1 0
              9560000 ps 0001 1100 0 0
              9570000 ps 0001 1100 1 0
              9580000 ps 0001 1100 0 0
              9590000 ps 0001 1100 1 0
              9600000 ps 0001 1100 0 0
              9600100 ps 0001 1011 0 0
              9610000 ps 0001 1011 1 0
              9620000 ps 0001 1011 0 0
              9630000 ps 0001 1011 1 0
              9640000 ps 0001 1011 0 0
              9650000 ps 0001 1011 1 0
              9660000 ps 0001 1011 0 0
              9670000 ps 0001 1011 1 0
              9680000 ps 0001 1011 0 0
              9680100 ps 0001 1010 0 0
              9690000 ps 0001 1010 1 0
              9700000 ps 0001 1010 0 0
              9710000 ps 0001 1010 1 0
              9720000 ps 0001 1010 0 0
              9720100 ps 0001 1011 0 0
              9730000 ps 0001 1011 1 0
              9740000 ps 0001 1011 0 0
              9750000 ps 0001 1011 1 0
              9760000 ps 0001 1011 0 0
              9760100 ps 0001 1010 0 0
              9770000 ps 0001 1010 1 0
              9780000 ps 0001 1010 0 0
              9790000 ps 0001 1010 1 0
              9800000 ps 0001 1010 0 0
              9810000 ps 0001 1010 1 0
              9820000 ps 0001 1010 0 0
              9830000 ps 0001 1010 1 0
              9840000 ps 0001 1010 0 0
              9850000 ps 0001 1010 1 0
              9860000 ps 0001 1010 0 0
              9870000 ps 0001 1010 1 0
              9880000 ps 0001 1010 0 0
              9890000 ps 0001 1010 1 0
              9900000 ps 0001 1010 0 0
              9910000 ps 0001 1010 1 0
              9920000 ps 0001 1010 0 0
              9920100 ps 0001 1001 0 0
              9930000 ps 0001 1001 1 0
              9940000 ps 0001 1001 0 0
              9950000 ps 0001 1001 1 0
              9960000 ps 0001 1001 0 0
              9970000 ps 0001 1001 1 0
              9980000 ps 0001 1001 0 0
              9990000 ps 0001 1001 1 0
             10000000 ps 0001 1001 0 0
             10010000 ps 0001 1001 1 0
             10020000 ps 0001 1001 0 0
             10030000 ps 0001 1001 1 0
             10040000 ps 0001 1001 0 0
             10050000 ps 0001 1001 1 0
             10060000 ps 0001 1001 0 0
             10070000 ps 0001 1001 1 0
             10080000 ps 0001 1001 0 0
             10080100 ps 0001 1000 0 0
             10090000 ps 0001 1000 1 0
             10100000 ps 0001 1000 0 0
             10110000 ps 0001 1000 1 0
             10120000 ps 0001 1000 0 0
             10130000 ps 0001 1000 1 0
             10140000 ps 0001 1000 0 0
             10150000 ps 0001 1000 1 0
             10160000 ps 0001 1000 0 0
             10170000 ps 0001 1000 1 0
             10180000 ps 0001 1000 0 0
             10190000 ps 0001 1000 1 0
             10200000 ps 0001 1000 0 0
             10210000 ps 0001 1000 1 0
             10220000 ps 0001 1000 0 0
             10230000 ps 0001 1000 1 0
             10240000 ps 0001 1000 0 0
             10240100 ps 0001 0111 0 0
             10250000 ps 0001 0111 1 0
             10260000 ps 0001 0111 0 0
             10270000 ps 0001 0111 1 0
             10280000 ps 0001 0111 0 0
             10290000 ps 0001 0111 1 0
             10300000 ps 0001 0111 0 0
             10310000 ps 0001 0111 1 0
             10320000 ps 0001 0111 0 0
             10330000 ps 0001 0111 1 0
             10340000 ps 0001 0111 0 0
             10350000 ps 0001 0111 1 0
             10360000 ps 0001 0111 0 0
             10370000 ps 0001 0111 1 0
             10380000 ps 0001 0111 0 0
             10390000 ps 0001 0111 1 0
             10400000 ps 0001 0111 0 0
             10410000 ps 0001 0111 1 0
             10420000 ps 0001 0111 0 0
             10430000 ps 0001 0111 1 0
             10440000 ps 0001 0111 0 0
             10450000 ps 0001 0111 1 0
             10460000 ps 0001 0111 0 0
             10470000 ps 0001 0111 1 0
             10480000 ps 0001 0111 0 0
             10480100 ps 0001 0110 0 0
             10490000 ps 0001 0110 1 0
             10500000 ps 0001 0110 0 0
             10510000 ps 0001 0110 1 0
             10520000 ps 0001 0110 0 0
             10530000 ps 0001 0110 1 0
             10540000 ps 0001 0110 0 0
             10550000 ps 0001 0110 1 0
             10560000 ps 0001 0110 0 0
             10570000 ps 0001 0110 1 0
             10580000 ps 0001 0110 0 0
             10590000 ps 0001 0110 1 0
             10600000 ps 0001 0110 0 0
             10610000 ps 0001 0110 1 0
             10620000 ps 0001 0110 0 0
             10630000 ps 0001 0110 1 0
             10640000 ps 0001 0110 0 0
             10640100 ps 0001 0101 0 0
             10650000 ps 0001 0101 1 0
             10660000 ps 0001 0101 0 0
             10670000 ps 0001 0101 1 0
             10680000 ps 0001 0101 0 0
             10690000 ps 0001 0101 1 0
             10700000 ps 0001 0101 0 0
             10710000 ps 0001 0101 1 0
             10720000 ps 0001 0101 0 0
             10730000 ps 0001 0101 1 0
             10740000 ps 0001 0101 0 0
             10750000 ps 0001 0101 1 0
             10760000 ps 0001 0101 0 0
             10770000 ps 0001 0101 1 0
             10780000 ps 0001 0101 0 0
             10790000 ps 0001 0101 1 0
             10800000 ps 0001 0101 0 0
             10800100 ps 0001 0100 0 0
             10810000 ps 0001 0100 1 0
             10820000 ps 0001 0100 0 0
             10830000 ps 0001 0100 1 0
             10840000 ps 0001 0100 0 0
             10850000 ps 0001 0100 1 0
             10860000 ps 0001 0100 0 0
             10870000 ps 0001 0100 1 0
             10880000 ps 0001 0100 0 0
             10890000 ps 0001 0100 1 0
             10900000 ps 0001 0100 0 0
             10910000 ps 0001 0100 1 0
             10920000 ps 0001 0100 0 0
             10930000 ps 0001 0100 1 0
             10940000 ps 0001 0100 0 0
             10950000 ps 0001 0100 1 0
             10960000 ps 0001 0100 0 0
             10970000 ps 0001 0100 1 0
             10980000 ps 0001 0100 0 0
             10990000 ps 0001 0100 1 0
             11000000 ps 0001 0100 0 0
             11000100 ps 0001 0101 0 0
             11010000 ps 0001 0101 1 0
             11020000 ps 0001 0101 0 0
             11030000 ps 0001 0101 1 0
             11040000 ps 0001 0101 0 0
             11050000 ps 0001 0101 1 0
             11060000 ps 0001 0101 0 0
             11070000 ps 0001 0101 1 0
             11080000 ps 0001 0101 0 0
             11090000 ps 0001 0101 1 0
             11100000 ps 0001 0101 0 0
             11110000 ps 0001 0101 1 0
             11120000 ps 0001 0101 0 0
             11120100 ps 0001 0100 0 0
             11130000 ps 0001 0100 1 0
             11140000 ps 0001 0100 0 0
             11150000 ps 0001 0100 1 0
             11160000 ps 0001 0100 0 0
             11170000 ps 0001 0100 1 0
             11180000 ps 0001 0100 0 0
             11190000 ps 0001 0100 1 0
             11200000 ps 0001 0100 0 0
             11210000 ps 0001 0100 1 0
             11220000 ps 0001 0100 0 0
             11230000 ps 0001 0100 1 0
             11240000 ps 0001 0100 0 0
             11250000 ps 0001 0100 1 0
             11260000 ps 0001 0100 0 0
             11270000 ps 0001 0100 1 0
             11280000 ps 0001 0100 0 0
             11290000 ps 0001 0100 1 0
             11300000 ps 0001 0100 0 0
             11310000 ps 0001 0100 1 0
             11320000 ps 0001 0100 0 0
             11330000 ps 0001 0100 1 0
             11340000 ps 0001 0100 0 0
             11350000 ps 0001 0100 1 0
             11360000 ps 0001 0100 0 0
             11370000 ps 0001 0100 1 0
             11380000 ps 0001 0100 0 0
             11390000 ps 0001 0100 1 0
             11400000 ps 0001 0100 0 0
             11410000 ps 0001 0100 1 0
             11420000 ps 0001 0100 0 0
             11430000 ps 0001 0100 1 0
             11440000 ps 0001 0100 0 0
             11440100 ps 0001 0011 0 0
             11450000 ps 0001 0011 1 0
             11460000 ps 0001 0011 0 0
             11470000 ps 0001 0011 1 0
             11480000 ps 0001 0011 0 0
             11490000 ps 0001 0011 1 0
             11500000 ps 0001 0011 0 0
             11510000 ps 0001 0011 1 0
             11520000 ps 0001 0011 0 0
             11530000 ps 0001 0011 1 0
             11540000 ps 0001 0011 0 0
             11550000 ps 0001 0011 1 0
             11560000 ps 0001 0011 0 0
             11570000 ps 0001 0011 1 0
             11580000 ps 0001 0011 0 0
             11590000 ps 0001 0011 1 0
             11600000 ps 0001 0011 0 0
             11610000 ps 0001 0011 1 0
             11620000 ps 0001 0011 0 0
             11630000 ps 0001 0011 1 0
             11640000 ps 0001 0011 0 0
             11650000 ps 0001 0011 1 0
             11660000 ps 0001 0011 0 0
             11670000 ps 0001 0011 1 0
             11680000 ps 0001 0011 0 0
             11690000 ps 0001 0011 1 0
             11700000 ps 0001 0011 0 0
             11710000 ps 0001 0011 1 0
             11720000 ps 0001 0011 0 0
             11730000 ps 0001 0011 1 0
             11740000 ps 0001 0011 0 0
             11750000 ps 0001 0011 1 0
             11760000 ps 0001 0011 0 0
             11770000 ps 0001 0011 1 0
             11780000 ps 0001 0011 0 0
             11790000 ps 0001 0011 1 0
             11800000 ps 0001 0011 0 0
             11810000 ps 0001 0011 1 0
             11820000 ps 0001 0011 0 0
             11830000 ps 0001 0011 1 0
             11840000 ps 0001 0011 0 0
             11850000 ps 0001 0011 1 0
             11860000 ps 0001 0011 0 0
             11870000 ps 0001 0011 1 0
             11880000 ps 0001 0011 0 0
             11890000 ps 0001 0011 1 0
             11900000 ps 0001 0011 0 0
             11910000 ps 0001 0011 1 0
             11920000 ps 0001 0011 0 0
             11920100 ps 0001 0010 0 0
             11930000 ps 0001 0010 1 0
             11940000 ps 0001 0010 0 0
             11950000 ps 0001 0010 1 0
             11960000 ps 0001 0010 0 0
             11970000 ps 0001 0010 1 0
             11980000 ps 0001 0010 0 0
             11990000 ps 0001 0010 1 0
             12000000 ps 0001 0010 0 0
             12010000 ps 0001 0010 1 0
             12020000 ps 0001 0010 0 0
             12030000 ps 0001 0010 1 0
             12040000 ps 0001 0010 0 0
             12050000 ps 0001 0010 1 0
             12060000 ps 0001 0010 0 0
             12070000 ps 0001 0010 1 0
             12080000 ps 0001 0010 0 0
             12090000 ps 0001 0010 1 0
             12100000 ps 0001 0010 0 0
             12110000 ps 0001 0010 1 0
             12120000 ps 0001 0010 0 0
             12130000 ps 0001 0010 1 0
             12140000 ps 0001 0010 0 0
             12150000 ps 0001 0010 1 0
             12160000 ps 0001 0010 0 0
             12170000 ps 0001 0010 1 0
             12180000 ps 0001 0010 0 0
             12190000 ps 0001 0010 1 0
             12200000 ps 0001 0010 0 0
             12210000 ps 0001 0010 1 0
             12220000 ps 0001 0010 0 0
             12230000 ps 0001 0010 1 0
             12240000 ps 0001 0010 0 0
             12250000 ps 0001 0010 1 0
             12260000 ps 0001 0010 0 0
             12270000 ps 0001 0010 1 0
             12280000 ps 0001 0010 0 0
             12280100 ps 0001 0011 0 0
             12290000 ps 0001 0011 1 0
             12300000 ps 0001 0011 0 0
             12310000 ps 0001 0011 1 0
             12320000 ps 0001 0011 0 0
             12330000 ps 0001 0011 1 0
             12340000 ps 0001 0011 0 0
             12350000 ps 0001 0011 1 0
             12360000 ps 0001 0011 0 0
             12370000 ps 0001 0011 1 0
             12380000 ps 0001 0011 0 0
             12390000 ps 0001 0011 1 0
             12400000 ps 0001 0011 0 0
             12410000 ps 0001 0011 1 0
             12420000 ps 0001 0011 0 0
             12430000 ps 0001 0011 1 0
             12440000 ps 0001 0011 0 0
             12450000 ps 0001 0011 1 0
             12460000 ps 0001 0011 0 0
             12470000 ps 0001 0011 1 0
             12480000 ps 0001 0011 0 0
             12490000 ps 0001 0011 1 0
             12500000 ps 0001 0011 0 0
             12510000 ps 0001 0011 1 0
             12520000 ps 0001 0011 0 0
             12530000 ps 0001 0011 1 0
             12540000 ps 0001 0011 0 0
             12550000 ps 0001 0011 1 0
             12560000 ps 0001 0011 0 0
             12560100 ps 0001 0010 0 0
             12570000 ps 0001 0010 1 0
             12580000 ps 0001 0010 0 0
             12590000 ps 0001 0010 1 0
             12600000 ps 0001 0010 0 0
             12610000 ps 0001 0010 1 0
             12620000 ps 0001 0010 0 0
             12630000 ps 0001 0010 1 0
             12640000 ps 0001 0010 0 0
             12650000 ps 0001 0010 1 0
             12660000 ps 0001 0010 0 0
             12670000 ps 0001 0010 1 0
             12680000 ps 0001 0010 0 0
             12690000 ps 0001 0010 1 0
             12700000 ps 0001 0010 0 0
             12710000 ps 0001 0010 1 0
             12720000 ps 0001 0010 0 0
             12730000 ps 0001 0010 1 0
             12740000 ps 0001 0010 0 0
             12750000 ps 0001 0010 1 0
             12760000 ps 0001 0010 0 0
             12770000 ps 0001 0010 1 0
             12780000 ps 0001 0010 0 0
             12790000 ps 0001 0010 1 0
             12800000 ps 0001 0010 0 0
             12810000 ps 0001 0010 1 0
             12820000 ps 0001 0010 0 0
             12830000 ps 0001 0010 1 0
             12840000 ps 0001 0010 0 0
             12850000 ps 0001 0010 1 0
             12860000 ps 0001 0010 0 0
             12870000 ps 0001 0010 1 0
             12880000 ps 0001 0010 0 0
             12890000 ps 0001 0010 1 0
             12900000 ps 0001 0010 0 0
             12910000 ps 0001 0010 1 0
             12920000 ps 0001 0010 0 0
             12930000 ps 0001 0010 1 0
             12940000 ps 0001 0010 0 0
             12950000 ps 0001 0010 1 0
             12960000 ps 0001 0010 0 0
             12970000 ps 0001 0010 1 0
             12980000 ps 0001 0010 0 0
             12990000 ps 0001 0010 1 0
             13000000 ps 0001 0010 0 0
             13010000 ps 0001 0010 1 0
             13020000 ps 0001 0010 0 0
             13030000 ps 0001 0010 1 0
             13040000 ps 0001 0010 0 0
             13050000 ps 0001 0010 1 0
             13060000 ps 0001 0010 0 0
             13070000 ps 0001 0010 1 0
             13080000 ps 0001 0010 0 0
             13090000 ps 0001 0010 1 0
             13100000 ps 0001 0010 0 0
             13110000 ps 0001 0010 1 0
             13120000 ps 0001 0010 0 0
             13130000 ps 0001 0010 1 0
             13140000 ps 0001 0010 0 0
             13150000 ps 0001 0010 1 0
             13160000 ps 0001 0010 0 0
             13170000 ps 0001 0010 1 0
             13180000 ps 0001 0010 0 0
             13190000 ps 0001 0010 1 0
             13200000 ps 0001 0010 0 0
             13200100 ps 0001 0001 0 0
             13210000 ps 0001 0001 1 0
             13220000 ps 0001 0001 0 0
             13230000 ps 0001 0001 1 0
             13240000 ps 0001 0001 0 0
             13250000 ps 0001 0001 1 0
             13260000 ps 0001 0001 0 0
             13270000 ps 0001 0001 1 0
             13280000 ps 0001 0001 0 0
             13290000 ps 0001 0001 1 0
             13300000 ps 0001 0001 0 0
             13310000 ps 0001 0001 1 0
             13320000 ps 0001 0001 0 0
             13330000 ps 0001 0001 1 0
             13340000 ps 0001 0001 0 0
             13350000 ps 0001 0001 1 0
             13360000 ps 0001 0001 0 0
             13370000 ps 0001 0001 1 0
             13380000 ps 0001 0001 0 0
             13390000 ps 0001 0001 1 0
             13400000 ps 0001 0001 0 0
             13410000 ps 0001 0001 1 0
             13420000 ps 0001 0001 0 0
             13430000 ps 0001 0001 1 0
             13440000 ps 0001 0001 0 0
             13450000 ps 0001 0001 1 0
             13460000 ps 0001 0001 0 0
             13470000 ps 0001 0001 1 0
             13480000 ps 0001 0001 0 0
             13490000 ps 0001 0001 1 0
             13500000 ps 0001 0001 0 0
             13510000 ps 0001 0001 1 0
             13520000 ps 0001 0001 0 0
             13520100 ps 0001 0000 0 0
             13530000 ps 0001 0000 1 0
             13540000 ps 0001 0000 0 0
             13550000 ps 0001 0000 1 0
             13560000 ps 0001 0000 0 0
             13560100 ps 0001 0001 0 0
             13570000 ps 0001 0001 1 0
             13580000 ps 0001 0001 0 0
             13590000 ps 0001 0001 1 0
             13600000 ps 0001 0001 0 0
             13610000 ps 0001 0001 1 0
             13620000 ps 0001 0001 0 0
             13630000 ps 0001 0001 1 0
             13640000 ps 0001 0001 0 0
             13650000 ps 0001 0001 1 0
             13660000 ps 0001 0001 0 0
             13670000 ps 0001 0001 1 0
             13680000 ps 0001 0001 0 0
             13690000 ps 0001 0001 1 0
             13700000 ps 0001 0001 0 0
             13710000 ps 0001 0001 1 0
             13720000 ps 0001 0001 0 0
             13730000 ps 0001 0001 1 0
             13740000 ps 0001 0001 0 0
             13750000 ps 0001 0001 1 0
             13760000 ps 0001 0001 0 0
             13770000 ps 0001 0001 1 0
             13780000 ps 0001 0001 0 0
             13790000 ps 0001 0001 1 0
             13800000 ps 0001 0001 0 0
             13810000 ps 0001 0001 1 0
             13820000 ps 0001 0001 0 0
             13830000 ps 0001 0001 1 0
             13840000 ps 0001 0001 0 0
             13850000 ps 0001 0001 1 0
             13860000 ps 0001 0001 0 0
             13870000 ps 0001 0001 1 0
             13880000 ps 0001 0001 0 0
             13890000 ps 0001 0001 1 0
             13900000 ps 0001 0001 0 0
             13910000 ps 0001 0001 1 0
             13920000 ps 0001 0001 0 0
             13930000 ps 0001 0001 1 0
             13940000 ps 0001 0001 0 0
             13950000 ps 0001 0001 1 0
             13960000 ps 0001 0001 0 0
             13970000 ps 0001 0001 1 0
             13980000 ps 0001 0001 0 0
             13990000 ps 0001 0001 1 0
             14000000 ps 0001 0001 0 0
             14010000 ps 0001 0001 1 0
             14020000 ps 0001 0001 0 0
             14030000 ps 0001 0001 1 0
             14040000 ps 0001 0001 0 0
             14050000 ps 0001 0001 1 0
             14060000 ps 0001 0001 0 0
             14070000 ps 0001 0001 1 0
             14080000 ps 0001 0001 0 0
             14090000 ps 0001 0001 1 0
             14100000 ps 0001 0001 0 0
             14110000 ps 0001 0001 1 0
             14120000 ps 0001 0001 0 0
             14130000 ps 0001 0001 1 0
             14140000 ps 0001 0001 0 0
             14150000 ps 0001 0001 1 0
             14160000 ps 0001 0001 0 0
             14170000 ps 0001 0001 1 0
             14180000 ps 0001 0001 0 0
             14190000 ps 0001 0001 1 0
             14200000 ps 0001 0001 0 0
             14210000 ps 0001 0001 1 0
             14220000 ps 0001 0001 0 0
             14230000 ps 0001 0001 1 0
             14240000 ps 0001 0001 0 0
             14250000 ps 0001 0001 1 0
             14260000 ps 0001 0001 0 0
             14270000 ps 0001 0001 1 0
             14280000 ps 0001 0001 0 0
             14290000 ps 0001 0001 1 0
             14300000 ps 0001 0001 0 0
             14310000 ps 0001 0001 1 0
             14320000 ps 0001 0001 0 0
             14330000 ps 0001 0001 1 0
             14340000 ps 0001 0001 0 0
             14350000 ps 0001 0001 1 0
             14360000 ps 0001 0001 0 0
             14370000 ps 0001 0001 1 0
             14380000 ps 0001 0001 0 0
             14390000 ps 0001 0001 1 0
             14400000 ps 0001 0001 0 0
             14410000 ps 0001 0001 1 0
             14420000 ps 0001 0001 0 0
             14430000 ps 0001 0001 1 0
             14440000 ps 0001 0001 0 0
             14450000 ps 0001 0001 1 0
             14460000 ps 0001 0001 0 0
             14470000 ps 0001 0001 1 0
             14480000 ps 0001 0001 0 0
             14490000 ps 0001 0001 1 0
             14500000 ps 0001 0001 0 0
             14510000 ps 0001 0001 1 0
             14520000 ps 0001 0001 0 0
             14530000 ps 0001 0001 1 0
             14540000 ps 0001 0001 0 0
             14550000 ps 0001 0001 1 0
             14560000 ps 0001 0001 0 0
             14570000 ps 0001 0001 1 0
             14580000 ps 0001 0001 0 0
             14590000 ps 0001 0001 1 0
             14600000 ps 0001 0001 0 0
             14610000 ps 0001 0001 1 0
             14620000 ps 0001 0001 0 0
             14630000 ps 0001 0001 1 0
             14640000 ps 0001 0001 0 0
             14650000 ps 0001 0001 1 0
             14660000 ps 0001 0001 0 0
             14670000 ps 0001 0001 1 0
             14680000 ps 0001 0001 0 0
             14690000 ps 0001 0001 1 0
             14700000 ps 0001 0001 0 0
             14710000 ps 0001 0001 1 0
             14720000 ps 0001 0001 0 0
             14730000 ps 0001 0001 1 0
             14740000 ps 0001 0001 0 0
             14750000 ps 0001 0001 1 0
             14760000 ps 0001 0001 0 0
             14770000 ps 0001 0001 1 0
             14780000 ps 0001 0001 0 0
             14790000 ps 0001 0001 1 0
             14800000 ps 0001 0001 0 0
             14800100 ps 0001 0000 0 0
             14810000 ps 0001 0000 1 0
             14820000 ps 0001 0000 0 0
             14830000 ps 0001 0000 1 0
             14840000 ps 0001 0000 0 0
             14840100 ps 0001 0001 0 0
             14850000 ps 0001 0001 1 0
             14860000 ps 0001 0001 0 0
             14870000 ps 0001 0001 1 0
             14880000 ps 0001 0001 0 0
             14890000 ps 0001 0001 1 0
             14900000 ps 0001 0001 0 0
             14910000 ps 0001 0001 1 0
             14920000 ps 0001 0001 0 0
             14930000 ps 0001 0001 1 0
             14940000 ps 0001 0001 0 0
             14950000 ps 0001 0001 1 0
             14960000 ps 0001 0001 0 0
             14970000 ps 0001 0001 1 0
             14980000 ps 0001 0001 0 0
             14990000 ps 0001 0001 1 0
             15000000 ps 0001 0001 0 0
             15010000 ps 0001 0001 1 0
             15020000 ps 0001 0001 0 0
             15030000 ps 0001 0001 1 0
             15040000 ps 0001 0001 0 0
             15050000 ps 0001 0001 1 0
             15060000 ps 0001 0001 0 0
             15070000 ps 0001 0001 1 0
             15080000 ps 0001 0001 0 0
             15090000 ps 0001 0001 1 0
             15100000 ps 0001 0001 0 0
             15110000 ps 0001 0001 1 0
             15120000 ps 0001 0001 0 0
             15130000 ps 0001 0001 1 0
             15140000 ps 0001 0001 0 0
             15150000 ps 0001 0001 1 0
             15160000 ps 0001 0001 0 0
             15170000 ps 0001 0001 1 0
             15180000 ps 0001 0001 0 0
             15190000 ps 0001 0001 1 0
             15200000 ps 0001 0001 0 0
             15210000 ps 0001 0001 1 0
             15220000 ps 0001 0001 0 0
             15230000 ps 0001 0001 1 0
             15240000 ps 0001 0001 0 0
             15250000 ps 0001 0001 1 0
             15260000 ps 0001 0001 0 0
             15270000 ps 0001 0001 1 0
             15280000 ps 0001 0001 0 0
             15290000 ps 0001 0001 1 0
             15300000 ps 0001 0001 0 0
             15310000 ps 0001 0001 1 0
             15320000 ps 0001 0001 0 0
             15330000 ps 0001 0001 1 0
             15340000 ps 0001 0001 0 0
             15350000 ps 0001 0001 1 0
             15360000 ps 0001 0001 0 0
             15370000 ps 0001 0001 1 0
             15380000 ps 0001 0001 0 0
             15390000 ps 0001 0001 1 0
             15400000 ps 0001 0001 0 0
             15410000 ps 0001 0001 1 0
             15420000 ps 0001 0001 0 0
             15430000 ps 0001 0001 1 0
             15440000 ps 0001 0001 0 0
             15450000 ps 0001 0001 1 0
             15460000 ps 0001 0001 0 0
             15470000 ps 0001 0001 1 0
             15480000 ps 0001 0001 0 0
             15490000 ps 0001 0001 1 0
             15500000 ps 0001 0001 0 0
             15510000 ps 0001 0001 1 0
             15520000 ps 0001 0001 0 0
             15530000 ps 0001 0001 1 0
             15540000 ps 0001 0001 0 0
             15550000 ps 0001 0001 1 0
             15560000 ps 0001 0001 0 0
             15570000 ps 0001 0001 1 0
             15580000 ps 0001 0001 0 0
             15590000 ps 0001 0001 1 0
             15600000 ps 0001 0001 0 0
             15610000 ps 0001 0001 1 0
             15620000 ps 0001 0001 0 0
             15630000 ps 0001 0001 1 0
             15640000 ps 0001 0001 0 0
             15650000 ps 0001 0001 1 0
             15660000 ps 0001 0001 0 0
             15670000 ps 0001 0001 1 0
             15680000 ps 0001 0001 0 0
             15690000 ps 0001 0001 1 0
             15700000 ps 0001 0001 0 0
             15710000 ps 0001 0001 1 0
             15720000 ps 0001 0001 0 0
             15730000 ps 0001 0001 1 0
             15740000 ps 0001 0001 0 0
             15750000 ps 0001 0001 1 0
             15760000 ps 0001 0001 0 0
             15770000 ps 0001 0001 1 0
             15780000 ps 0001 0001 0 0
             15790000 ps 0001 0001 1 0
             15800000 ps 0001 0001 0 0
             15810000 ps 0001 0001 1 0
             15820000 ps 0001 0001 0 0
             15830000 ps 0001 0001 1 0
             15840000 ps 0001 0001 0 0
             15850000 ps 0001 0001 1 0
             15860000 ps 0001 0001 0 0
             15870000 ps 0001 0001 1 0
             15880000 ps 0001 0001 0 0
             15890000 ps 0001 0001 1 0
             15900000 ps 0001 0001 0 0
             15910000 ps 0001 0001 1 0
             15920000 ps 0001 0001 0 0
