            0 ps U U UUUU U U U U U
            0 ps 0 0 0000 U U U U U
         4673 ps 0 0 0000 U U U X U
         4737 ps 0 0 0000 X U U X U
         4876 ps 0 0 0000 X X U X U
         5030 ps 0 0 0000 X X U X X
         5155 ps 0 0 0000 X X X X X
        20000 ps 1 1 0000 X X X X X
        27434 ps 1 1 0000 X X X 0 X
        27486 ps 1 1 0000 0 X X 0 X
        27617 ps 1 1 0000 0 0 X 0 X
        27904 ps 1 1 0000 0 0 0 0 X
        27980 ps 1 1 0000 0 0 0 0 0
        40000 ps 0 0 0000 0 0 0 0 0
        60000 ps 1 0 0000 0 0 0 0 0
        80000 ps 0 0 0000 0 0 0 0 0
        90000 ps 0 0 0001 0 0 0 0 0
       100000 ps 1 0 0001 0 0 0 0 0
       120000 ps 0 0 0001 0 0 0 0 0
       130000 ps 0 0 0000 0 0 0 0 0
       140000 ps 1 0 0000 0 0 0 0 0
       160000 ps 0 0 0000 0 0 0 0 0
       170000 ps 0 0 0001 0 0 0 0 0
       180000 ps 1 0 0001 0 0 0 0 0
       187158 ps 1 0 0001 1 0 0 0 0
       200000 ps 0 0 0001 1 0 0 0 0
       210000 ps 0 0 0000 1 0 0 0 0
       220000 ps 1 0 0000 1 0 0 0 0
       227486 ps 1 0 0000 0 0 0 0 0
       240000 ps 0 0 0000 0 0 0 0 0
       250000 ps 0 0 0010 0 0 0 0 0
       260000 ps 1 0 0010 0 0 0 0 0
       267117 ps 1 0 0010 0 0 0 1 0
       280000 ps 0 0 0010 0 0 0 1 0
       290000 ps 0 0 0000 0 0 0 1 0
       300000 ps 1 0 0000 0 0 0 1 0
       307434 ps 1 0 0000 0 0 0 0 0
       320000 ps 0 0 0000 0 0 0 0 0
       330000 ps 0 0 0011 0 0 0 0 0
       340000 ps 1 0 0011 0 0 0 0 0
       347507 ps 1 0 0011 0 0 1 0 0
       360000 ps 0 0 0011 0 0 1 0 0
       370000 ps 0 0 0000 0 0 1 0 0
       380000 ps 1 0 0000 0 0 1 0 0
       387904 ps 1 0 0000 0 0 0 0 0
       400000 ps 0 0 0000 0 0 0 0 0
       410000 ps 0 0 1011 0 0 0 0 0
       420000 ps 1 0 1011 0 0 0 0 0
       440000 ps 0 0 1011 0 0 0 0 0
       450000 ps 0 0 0010 0 0 0 0 0
       460000 ps 1 0 0010 0 0 0 0 0
       480000 ps 0 0 0010 0 0 0 0 0
       490000 ps 0 0 0000 0 0 0 0 0
       500000 ps 1 0 0000 0 0 0 0 0
       507402 ps 1 0 0000 0 0 0 0 1
       520000 ps 0 0 0000 0 0 0 0 1
       530000 ps 0 0 1011 0 0 0 0 1
       540000 ps 1 0 1011 0 0 0 0 1
       547770 ps 1 0 1011 0 0 0 0 0
       560000 ps 0 0 1011 0 0 0 0 0
       570000 ps 0 0 0101 0 0 0 0 0
       580000 ps 1 0 0101 0 0 0 0 0
       587269 ps 1 0 0101 0 1 0 0 0
       600000 ps 0 0 0101 0 1 0 0 0
       610000 ps 0 0 1011 0 1 0 0 0
       620000 ps 1 0 1011 0 1 0 0 0
       627617 ps 1 0 1011 0 0 0 0 0
       640000 ps 0 0 1011 0 0 0 0 0
       650000 ps 0 0 0000 0 0 0 0 0
       660000 ps 1 0 0000 0 0 0 0 0
       680000 ps 0 0 0000 0 0 0 0 0
       700000 ps 1 0 0000 0 0 0 0 0
       720000 ps 0 0 0000 0 0 0 0 0
       740000 ps 1 0 0000 0 0 0 0 0
       760000 ps 0 0 0000 0 0 0 0 0
       780000 ps 1 0 0000 0 0 0 0 0
